17 | 117 | 100 | 37 | 117, 100
17 | 117 | 100 | 0 | 117, 100
17 | 117 | 100 | 60 | 117, 100
17 | 117 | 100 | 26 | 117, 100
17 | 117 | 100 | 91 | 117, 100
17 | 117 | 100 | 84 | 117, 100
17 | 117 | 100 | 14 | 117, 100
17 | 117 | 100 | 43 | 117, 100
17 | 117 | 100 | 46 | 202, 195
17 | 117 | 100 | 15 | 157, 145
17 | 117 | 100 | 62 | 117, 100
17 | 117 | 100 | 41 | 117, 100
17 | 117 | 100 | 52 | 117, 100
17 | 117 | 100 | 39 | 117, 100
17 | 117 | 100 | 24 | 117, 100
17 | 117 | 100 | 43 | 117, 100
17 | 117 | 100 | 42 | 117, 100
17 | 117 | 100 | 4 | 117, 100
17 | 117 | 100 | 7 | 117, 100
17 | 117 | 100 | 14 | 117, 100
17 | 117 | 100 | 68 | 117, 100
17 | 117 | 100 | 73 | 85, 74
17 | 117 | 100 | 56 | 117, 100
17 | 117 | 100 | 48 | 117, 100
17 | 117 | 100 | 12 | 117, 100
17 | 117 | 100 | 5 | 117, 100
17 | 117 | 100 | 11 | 117, 100
17 | 117 | 100 | 23 | 117, 100
17 | 117 | 100 | 48 | 202, 195
17 | 117 | 100 | 31 | 117, 100
17 | 117 | 100 | 36 | 117, 100
17 | 117 | 100 | 0 | 117, 100
17 | 117 | 100 | 50 | 117, 100
17 | 117 | 100 | 3 | 117, 100
17 | 117 | 100 | 67 | 117, 100
17 | 117 | 100 | 75 | 117, 100
17 | 117 | 100 | 86 | 117, 100
17 | 117 | 100 | 44 | 117, 100
17 | 117 | 100 | 26 | 117, 100
17 | 117 | 100 | 40 | 117, 100
17 | 117 | 100 | 67 | 117, 100
17 | 117 | 100 | 0 | 117, 100
17 | 117 | 100 | 25 | 117, 100
17 | 117 | 100 | 88 | 117, 100
17 | 117 | 100 | 8 | 117, 100
17 | 117 | 100 | 1 | 117, 100
17 | 117 | 100 | 64 | 117, 100
17 | 117 | 100 | 69 | 117, 100
17 | 117 | 100 | 15 | 117, 100
17 | 117 | 100 | 27 | 117, 100
17 | 117 | 100 | 2 | 117, 100
17 | 117 | 100 | 25 | 117, 100
17 | 117 | 100 | 2 | 117, 100
17 | 117 | 100 | 5 | 117, 100
17 | 117 | 100 | 26 | 117, 100
17 | 117 | 100 | 88 | 117, 100
17 | 117 | 100 | 97 | 117, 100
17 | 117 | 100 | 88 | 85, 74
17 | 117 | 100 | 37 | 117, 100
17 | 117 | 100 | 50 | 117, 100
17 | 117 | 100 | 42 | 117, 100
17 | 117 | 100 | 10 | 117, 100
17 | 117 | 100 | 0 | 117, 100
17 | 117 | 100 | 63 | 117, 100
17 | 117 | 100 | 40 | 117, 100
17 | 117 | 100 | 45 | 117, 100
17 | 117 | 100 | 28 | 117, 100
17 | 117 | 100 | 18 | 117, 100
17 | 117 | 100 | 0 | 117, 100
17 | 117 | 100 | 99 | 117, 100
17 | 117 | 100 | 0 | 117, 100
17 | 117 | 100 | 29 | 117, 100
17 | 117 | 100 | 47 | 117, 100
17 | 117 | 100 | 2 | 117, 100
17 | 117 | 100 | 49 | 117, 100
17 | 117 | 100 | 24 | 117, 100
17 | 117 | 100 | 1 | 117, 100
17 | 117 | 100 | 0 | 117, 100
17 | 117 | 100 | 65 | 117, 100
17 | 117 | 100 | 0 | 117, 100
17 | 117 | 100 | 11 | 117, 100
17 | 117 | 100 | 49 | 117, 100
17 | 117 | 100 | 14 | 117, 100
17 | 117 | 100 | 31 | 117, 100
17 | 117 | 100 | 57 | 117, 100
17 | 117 | 100 | 13 | 117, 100
17 | 117 | 100 | 44 | 117, 100
17 | 117 | 100 | 16 | 117, 100
17 | 117 | 100 | 63 | 117, 100
17 | 117 | 100 | 0 | 117, 100
17 | 117 | 100 | 23 | 117, 100
17 | 117 | 100 | 10 | 117, 100
17 | 117 | 100 | 0 | 117, 100
17 | 117 | 100 | 21 | 117, 100
17 | 117 | 100 | 54 | 117, 100
17 | 117 | 100 | 5 | 117, 100
17 | 117 | 100 | 28 | 117, 100
17 | 117 | 100 | 88 | 117, 100
17 | 117 | 100 | 98 | 117, 100
17 | 117 | 100 | 61 | 117, 100
17 | 117 | 100 | 83 | 117, 100
17 | 117 | 100 | 8 | 117, 100
17 | 117 | 100 | 34 | 117, 100
17 | 117 | 100 | 73 | 85, 74
17 | 117 | 100 | 5 | 117, 100
17 | 117 | 100 | 22 | 117, 100
17 | 117 | 100 | 67 | 117, 100
17 | 117 | 100 | 9 | 117, 100
17 | 117 | 100 | 2 | 117, 100
17 | 117 | 100 | 7 | 117, 100
17 | 117 | 100 | 30 | 117, 100
17 | 117 | 100 | 0 | 117, 100
17 | 117 | 100 | 38 | 117, 100
17 | 117 | 100 | 19 | 117, 100
17 | 117 | 100 | 49 | 91, 78
17 | 117 | 100 | 0 | 117, 100
17 | 117 | 100 | 48 | 117, 100
17 | 117 | 100 | 19 | 117, 100
17 | 117 | 100 | 28 | 117, 100
17 | 117 | 100 | 36 | 117, 100
17 | 117 | 100 | 19 | 117, 100
17 | 117 | 100 | 41 | 117, 100
17 | 117 | 100 | 14 | 117, 100
17 | 117 | 100 | 79 | 117, 100
17 | 117 | 100 | 0 | 85, 74
17 | 117 | 100 | 0 | 117, 100
17 | 117 | 100 | 21 | 117, 100
17 | 117 | 100 | 18 | 117, 100
17 | 117 | 100 | 14 | 117, 100
17 | 117 | 100 | 11 | 117, 100
17 | 117 | 100 | 9 | 117, 100
17 | 117 | 100 | 36 | 117, 100
17 | 117 | 100 | 92 | 117, 100
17 | 117 | 100 | 33 | 117, 100
17 | 117 | 100 | 30 | 117, 100
17 | 117 | 100 | 47 | 117, 100
17 | 117 | 100 | 21 | 117, 100
17 | 117 | 100 | 27 | 117, 100
17 | 117 | 100 | 11 | 117, 100
17 | 117 | 100 | 11 | 117, 100
17 | 117 | 100 | 32 | 117, 100
17 | 117 | 100 | 22 | 117, 100
17 | 117 | 100 | 74 | 117, 100
17 | 117 | 100 | 22 | 117, 100
17 | 117 | 100 | 59 | 117, 100
17 | 117 | 100 | 15 | 117, 100
17 | 117 | 100 | 2 | 117, 100
17 | 117 | 100 | 15 | 117, 100
17 | 117 | 100 | 1 | 117, 100
17 | 117 | 100 | 30 | 117, 100
17 | 117 | 100 | 5 | 117, 100
17 | 117 | 100 | 9 | 117, 100
17 | 117 | 100 | 0 | 117, 100
17 | 117 | 100 | 53 | 117, 100
17 | 117 | 100 | 77 | 91, 78
17 | 117 | 100 | 62 | 91, 78
17 | 117 | 100 | 95 | 117, 100
17 | 117 | 100 | 23 | 117, 100
17 | 117 | 100 | 71 | 117, 100
17 | 117 | 100 | 29 | 117, 100
17 | 117 | 100 | 42 | 117, 100
17 | 117 | 100 | 37 | 117, 100
17 | 117 | 100 | 5 | 117, 100
17 | 117 | 100 | 63 | 117, 100
17 | 117 | 100 | 7 | 117, 100
17 | 117 | 100 | 76 | 117, 100
17 | 117 | 100 | 33 | 117, 100
17 | 117 | 100 | 0 | 117, 100
17 | 117 | 100 | 31 | 117, 100
17 | 117 | 100 | 11 | 117, 100
17 | 117 | 100 | 48 | 117, 100
17 | 117 | 100 | 68 | 117, 100
17 | 117 | 100 | 0 | 117, 100
17 | 117 | 100 | 32 | 117, 100
17 | 117 | 100 | 65 | 117, 100
17 | 117 | 100 | 10 | 117, 100
17 | 117 | 100 | 8 | 117, 100
17 | 117 | 100 | 33 | 117, 100
17 | 117 | 100 | 32 | 117, 100
17 | 117 | 100 | 0 | 117, 100
17 | 117 | 100 | 27 | 117, 100
17 | 117 | 100 | 42 | 117, 100
17 | 117 | 100 | 10 | 117, 100
17 | 117 | 100 | 86 | 117, 100
17 | 117 | 100 | 9 | 117, 100
17 | 117 | 100 | 15 | 117, 100
17 | 117 | 100 | 49 | 117, 100
17 | 117 | 100 | 21 | 117, 100
17 | 117 | 100 | 20 | 117, 100
17 | 117 | 100 | 16 | 117, 100
17 | 117 | 100 | 63 | 117, 100
17 | 117 | 100 | 49 | 117, 100
17 | 117 | 100 | 0 | 117, 100
17 | 117 | 100 | 0 | 117, 100
17 | 117 | 100 | 5 | 117, 100
17 | 117 | 100 | 98 | 58, 48
17 | 117 | 100 | 96 | 117, 100
17 | 117 | 100 | 57 | 117, 100
17 | 117 | 100 | 54 | 117, 100
17 | 117 | 100 | 61 | 117, 100
17 | 117 | 100 | 16 | 117, 100
17 | 117 | 100 | 10 | 117, 100
17 | 117 | 100 | 55 | 117, 100
17 | 117 | 100 | 60 | 117, 100
17 | 117 | 100 | 90 | 117, 100
17 | 117 | 100 | 31 | 117, 100
17 | 117 | 100 | 84 | 117, 100
17 | 117 | 100 | 60 | 117, 100
17 | 117 | 100 | 43 | 117, 100
17 | 117 | 100 | 74 | 117, 100
17 | 117 | 100 | 11 | 117, 100
17 | 117 | 100 | 13 | 117, 100
17 | 117 | 100 | 2 | 117, 100
17 | 117 | 100 | 0 | 117, 100
17 | 117 | 100 | 25 | 117, 100
17 | 117 | 100 | 99 | 117, 100
17 | 117 | 100 | 53 | 117, 100
17 | 117 | 100 | 23 | 117, 100
17 | 117 | 100 | 17 | 117, 100
17 | 117 | 100 | 16 | 117, 100
17 | 117 | 100 | 26 | 117, 100
17 | 117 | 100 | 61 | 117, 100
17 | 117 | 100 | 50 | 117, 100
17 | 117 | 100 | 93 | 117, 100
17 | 117 | 100 | 11 | 117, 100
17 | 117 | 100 | 97 | 117, 100
17 | 117 | 100 | 21 | 117, 100
17 | 117 | 100 | 25 | 117, 100
17 | 117 | 100 | 26 | 117, 100
17 | 117 | 100 | 18 | 117, 100
17 | 117 | 100 | 0 | 117, 100
17 | 117 | 100 | 32 | 117, 100
17 | 117 | 100 | 65 | 117, 100
17 | 117 | 100 | 17 | 117, 100
17 | 117 | 100 | 0 | 117, 100
17 | 117 | 100 | 24 | 117, 100
17 | 117 | 100 | 32 | 117, 100
17 | 117 | 100 | 19 | 117, 100
17 | 117 | 100 | 72 | 117, 100
17 | 117 | 100 | 50 | 117, 100
17 | 117 | 100 | 7 | 117, 100
17 | 117 | 100 | 84 | 117, 100
17 | 117 | 100 | 24 | 117, 100
17 | 117 | 100 | 0 | 117, 100
17 | 117 | 100 | 14 | 117, 100
17 | 117 | 100 | 38 | 117, 100
17 | 117 | 100 | 95 | 117, 100
17 | 117 | 100 | 96 | 117, 100
17 | 117 | 100 | 53 | 117, 100
17 | 117 | 100 | 33 | 117, 100
17 | 117 | 100 | 89 | 117, 100
17 | 117 | 100 | 6 | 117, 100
17 | 117 | 100 | 22 | 117, 100
17 | 117 | 100 | 9 | 117, 100
17 | 117 | 100 | 29 | 117, 100
17 | 117 | 100 | 13 | 117, 100
17 | 117 | 100 | 0 | 117, 100
17 | 117 | 100 | 22 | 117, 100
17 | 117 | 100 | 7 | 117, 100
17 | 117 | 100 | 26 | 117, 100
17 | 117 | 100 | 25 | 117, 100
17 | 117 | 100 | 63 | 117, 100
17 | 117 | 100 | 90 | 150, 143
17 | 117 | 100 | 84 | 117, 100
17 | 117 | 100 | 0 | 117, 100
17 | 117 | 100 | 60 | 117, 100
17 | 117 | 100 | 6 | 117, 100
17 | 117 | 100 | 3 | 117, 100
17 | 117 | 100 | 79 | 117, 100
17 | 117 | 100 | 3 | 117, 100
17 | 117 | 100 | 7 | 117, 100
17 | 117 | 100 | 97 | 117, 100
17 | 117 | 100 | 30 | 117, 100
17 | 117 | 100 | 3 | 117, 100
17 | 117 | 100 | 10 | 117, 100
17 | 117 | 100 | 70 | 117, 100
17 | 117 | 100 | 42 | 117, 100
17 | 117 | 100 | 24 | 117, 100
17 | 117 | 100 | 62 | 117, 100
17 | 117 | 100 | 0 | 117, 100
17 | 117 | 100 | 12 | 117, 100
17 | 117 | 100 | 25 | 117, 100
17 | 117 | 100 | 48 | 117, 100
17 | 117 | 100 | 80 | 117, 100
17 | 117 | 100 | 21 | 117, 100
17 | 117 | 100 | 33 | 117, 100
17 | 117 | 100 | 29 | 117, 100
17 | 117 | 100 | 34 | 117, 100
17 | 117 | 100 | 44 | 117, 100
17 | 117 | 100 | 2 | 117, 100
17 | 117 | 100 | 14 | 117, 100
17 | 117 | 100 | 27 | 117, 100
17 | 117 | 100 | 71 | 117, 100
17 | 117 | 100 | 59 | 91, 78
17 | 117 | 100 | 78 | 117, 100
17 | 117 | 100 | 0 | 117, 100
17 | 117 | 100 | 45 | 117, 100
17 | 117 | 100 | 10 | 117, 100
17 | 117 | 100 | 87 | 117, 100
17 | 117 | 100 | 66 | 117, 100
17 | 117 | 100 | 5 | 117, 100
17 | 117 | 100 | 40 | 117, 100
17 | 117 | 100 | 24 | 117, 100
17 | 117 | 100 | 87 | 117, 100
17 | 117 | 100 | 45 | 117, 100
17 | 117 | 100 | 10 | 117, 100
17 | 117 | 100 | 66 | 117, 100
17 | 117 | 100 | 50 | 117, 100
17 | 117 | 100 | 26 | 117, 100
17 | 117 | 100 | 28 | 117, 100
17 | 117 | 100 | 84 | 117, 100
17 | 117 | 100 | 38 | 117, 100
17 | 117 | 100 | 64 | 117, 100
17 | 117 | 100 | 16 | 91, 78
17 | 117 | 100 | 38 | 117, 100
17 | 117 | 100 | 0 | 117, 100
17 | 117 | 100 | 70 | 117, 100
17 | 117 | 100 | 42 | 117, 100
17 | 117 | 100 | 34 | 117, 100
17 | 117 | 100 | 0 | 117, 100
17 | 117 | 100 | 99 | 117, 100
17 | 117 | 100 | 56 | 117, 100
17 | 117 | 100 | 52 | 117, 100
17 | 117 | 100 | 12 | 117, 100
17 | 117 | 100 | 0 | 117, 100
17 | 117 | 100 | 0 | 117, 100
17 | 117 | 100 | 3 | 117, 100
17 | 117 | 100 | 91 | 117, 100
17 | 117 | 100 | 61 | 117, 100
17 | 117 | 100 | 56 | 117, 100
17 | 117 | 100 | 3 | 117, 100
17 | 117 | 100 | 4 | 117, 100
17 | 117 | 100 | 17 | 117, 100
17 | 117 | 100 | 31 | 117, 100
17 | 117 | 100 | 27 | 117, 100
17 | 117 | 100 | 72 | 117, 100
17 | 117 | 100 | 55 | 117, 100
17 | 117 | 100 | 71 | 58, 48
17 | 117 | 100 | 41 | 117, 100
17 | 117 | 100 | 22 | 117, 100
17 | 117 | 100 | 53 | 117, 100
17 | 117 | 100 | 22 | 117, 100
17 | 117 | 100 | 56 | 117, 100
17 | 117 | 100 | 31 | 117, 100
17 | 117 | 100 | 18 | 117, 100
17 | 117 | 100 | 0 | 117, 100
17 | 117 | 100 | 24 | 117, 100
17 | 117 | 100 | 99 | 117, 100
17 | 117 | 100 | 71 | 117, 100
17 | 117 | 100 | 30 | 117, 100
17 | 117 | 100 | 0 | 117, 100
17 | 117 | 100 | 72 | 117, 100
17 | 117 | 100 | 0 | 117, 100
17 | 117 | 100 | 21 | 117, 100
17 | 117 | 100 | 5 | 117, 100
17 | 117 | 100 | 4 | 117, 100
17 | 117 | 100 | 50 | 117, 100
17 | 117 | 100 | 50 | 117, 100
17 | 117 | 100 | 52 | 117, 100
17 | 117 | 100 | 52 | 117, 100
17 | 117 | 100 | 63 | 117, 100
17 | 117 | 100 | 0 | 117, 100
17 | 117 | 100 | 71 | 117, 100
17 | 117 | 100 | 92 | 117, 100
17 | 117 | 100 | 22 | 117, 100
17 | 117 | 100 | 81 | 117, 100
17 | 117 | 100 | 54 | 117, 100
17 | 117 | 100 | 53 | 117, 100
17 | 117 | 100 | 54 | 117, 100
17 | 117 | 100 | 3 | 117, 100
17 | 117 | 100 | 20 | 117, 100
17 | 117 | 100 | 34 | 117, 100
17 | 117 | 100 | 93 | 117, 100
17 | 117 | 100 | 0 | 117, 100
17 | 117 | 100 | 16 | 117, 100
17 | 117 | 100 | 89 | 117, 100
17 | 117 | 100 | 85 | 117, 100
17 | 117 | 100 | 30 | 117, 100
17 | 117 | 100 | 79 | 117, 100
17 | 117 | 100 | 7 | 117, 100
17 | 117 | 100 | 13 | 58, 48
17 | 117 | 100 | 0 | 91, 78
17 | 117 | 100 | 30 | 117, 100
17 | 117 | 100 | 27 | 117, 100
17 | 117 | 100 | 17 | 117, 100
17 | 117 | 100 | 0 | 117, 100
17 | 117 | 100 | 15 | 117, 100
17 | 117 | 100 | 53 | 117, 100
17 | 117 | 100 | 0 | 117, 100
17 | 117 | 100 | 0 | 117, 100
17 | 117 | 100 | 34 | 117, 100
17 | 117 | 100 | 1 | 117, 100
17 | 117 | 100 | 70 | 117, 100
17 | 117 | 100 | 3 | 117, 100
17 | 117 | 100 | 45 | 117, 100
17 | 117 | 100 | 72 | 117, 100
17 | 117 | 100 | 56 | 117, 100
17 | 117 | 100 | 44 | 117, 100
17 | 117 | 100 | 63 | 117, 100
17 | 117 | 100 | 62 | 117, 100
17 | 117 | 100 | 16 | 117, 100
17 | 117 | 100 | 0 | 117, 100
17 | 117 | 100 | 17 | 117, 100
17 | 117 | 100 | 45 | 117, 100
17 | 117 | 100 | 0 | 117, 100
17 | 117 | 100 | 0 | 202, 195
17 | 117 | 100 | 27 | 117, 100
17 | 117 | 100 | 47 | 117, 100
17 | 117 | 100 | 55 | 117, 100
17 | 117 | 100 | 0 | 117, 100
17 | 117 | 100 | 5 | 117, 100
17 | 117 | 100 | 1 | 117, 100
17 | 117 | 100 | 23 | 117, 100
17 | 117 | 100 | 58 | 117, 100
17 | 117 | 100 | 0 | 117, 100
17 | 117 | 100 | 1 | 117, 100
17 | 117 | 100 | 90 | 117, 100
17 | 117 | 100 | 64 | 117, 100
17 | 117 | 100 | 15 | 117, 100
17 | 117 | 100 | 53 | 117, 100
17 | 117 | 100 | 37 | 117, 100
17 | 117 | 100 | 75 | 117, 100
17 | 117 | 100 | 27 | 117, 100
17 | 117 | 100 | 60 | 117, 100
17 | 117 | 100 | 33 | 117, 100
17 | 117 | 100 | 25 | 117, 100
17 | 117 | 100 | 82 | 117, 100
17 | 117 | 100 | 81 | 117, 100
17 | 117 | 100 | 44 | 117, 100
17 | 117 | 100 | 7 | 117, 100
17 | 117 | 100 | 36 | 117, 100
17 | 117 | 100 | 70 | 117, 100
17 | 117 | 100 | 7 | 117, 100
17 | 117 | 100 | 93 | 117, 100
17 | 117 | 100 | 1 | 117, 100
17 | 117 | 100 | 81 | 117, 100
17 | 117 | 100 | 61 | 117, 100
17 | 117 | 100 | 0 | 117, 100
17 | 117 | 100 | 17 | 117, 100
17 | 117 | 100 | 28 | 117, 100
17 | 117 | 100 | 13 | 117, 100
17 | 117 | 100 | 74 | 117, 100
17 | 117 | 100 | 42 | 117, 100
17 | 117 | 100 | 44 | 117, 100
17 | 117 | 100 | 10 | 117, 100
17 | 117 | 100 | 94 | 117, 100
17 | 117 | 100 | 14 | 117, 100
17 | 117 | 100 | 72 | 117, 100
17 | 117 | 100 | 0 | 117, 100
17 | 117 | 100 | 12 | 117, 100
17 | 117 | 100 | 40 | 117, 100
17 | 117 | 100 | 63 | 117, 100
17 | 117 | 100 | 23 | 117, 100
17 | 117 | 100 | 96 | 117, 100
17 | 117 | 100 | 74 | 117, 100
17 | 117 | 100 | 0 | 117, 100
17 | 117 | 100 | 27 | 117, 100
17 | 117 | 100 | 14 | 85, 74
17 | 117 | 100 | 42 | 117, 100
17 | 117 | 100 | 41 | 117, 100
17 | 117 | 100 | 69 | 117, 100
17 | 117 | 100 | 85 | 117, 100
17 | 117 | 100 | 22 | 117, 100
17 | 117 | 100 | 49 | 117, 100
17 | 117 | 100 | 54 | 117, 100
17 | 117 | 100 | 11 | 117, 100
17 | 117 | 100 | 11 | 117, 100
17 | 117 | 100 | 17 | 117, 100
17 | 117 | 100 | 58 | 117, 100
17 | 117 | 100 | 10 | 117, 100
17 | 117 | 100 | 95 | 117, 100
17 | 117 | 100 | 76 | 117, 100
17 | 117 | 100 | 11 | 117, 100
17 | 117 | 100 | 90 | 117, 100
17 | 117 | 100 | 45 | 117, 100
17 | 117 | 100 | 89 | 117, 100
17 | 117 | 100 | 28 | 117, 100
17 | 117 | 100 | 63 | 117, 100
17 | 117 | 100 | 48 | 91, 78
17 | 117 | 100 | 71 | 117, 100
17 | 117 | 100 | 45 | 117, 100
17 | 117 | 100 | 51 | 117, 100
17 | 117 | 100 | 69 | 117, 100
17 | 117 | 100 | 74 | 117, 100
17 | 117 | 100 | 79 | 117, 100
17 | 117 | 100 | 4 | 117, 100
17 | 117 | 100 | 62 | 117, 100
17 | 117 | 100 | 11 | 117, 100
17 | 117 | 100 | 70 | 117, 100
17 | 117 | 100 | 0 | 117, 100
17 | 117 | 100 | 33 | 117, 100
17 | 117 | 100 | 41 | 117, 100
17 | 117 | 100 | 2 | 117, 100
17 | 117 | 100 | 82 | 117, 100
17 | 117 | 100 | 41 | 117, 100
17 | 117 | 100 | 76 | 117, 100
17 | 117 | 100 | 83 | 117, 100
17 | 117 | 100 | 27 | 117, 100
17 | 117 | 100 | 60 | 117, 100
17 | 117 | 100 | 24 | 117, 100
17 | 117 | 100 | 99 | 117, 100
17 | 117 | 100 | 37 | 117, 100
17 | 117 | 100 | 7 | 117, 100
17 | 117 | 100 | 77 | 117, 100
17 | 117 | 100 | 70 | 117, 100
17 | 117 | 100 | 70 | 117, 100
17 | 117 | 100 | 23 | 117, 100
17 | 117 | 100 | 43 | 117, 100
17 | 117 | 100 | 91 | 117, 100
17 | 117 | 100 | 94 | 117, 100
17 | 117 | 100 | 94 | 117, 100
17 | 117 | 100 | 69 | 117, 100
17 | 117 | 100 | 73 | 117, 100
17 | 117 | 100 | 5 | 117, 100
17 | 117 | 100 | 3 | 117, 100
17 | 117 | 100 | 21 | 117, 100
17 | 117 | 100 | 48 | 117, 100
17 | 117 | 100 | 44 | 117, 100
17 | 117 | 100 | 75 | 117, 100
17 | 117 | 100 | 57 | 117, 100
17 | 117 | 100 | 34 | 117, 100
17 | 117 | 100 | 66 | 196, 185
17 | 117 | 100 | 0 | 117, 100
17 | 117 | 100 | 37 | 117, 100
17 | 117 | 100 | 77 | 117, 100
17 | 117 | 100 | 0 | 117, 100
17 | 117 | 100 | 32 | 117, 100
17 | 117 | 100 | 86 | 117, 100
17 | 117 | 100 | 44 | 117, 100
17 | 117 | 100 | 35 | 117, 100
17 | 117 | 100 | 4 | 117, 100
17 | 117 | 100 | 7 | 117, 100
17 | 117 | 100 | 41 | 117, 100
17 | 117 | 100 | 50 | 117, 100
17 | 117 | 100 | 87 | 117, 100
17 | 117 | 100 | 95 | 157, 145
17 | 117 | 100 | 3 | 117, 100
17 | 117 | 100 | 0 | 117, 100
17 | 117 | 100 | 24 | 117, 100
17 | 117 | 100 | 96 | 117, 100
17 | 117 | 100 | 16 | 117, 100
17 | 117 | 100 | 85 | 117, 100
17 | 117 | 100 | 22 | 117, 100
17 | 117 | 100 | 0 | 117, 100
17 | 117 | 100 | 88 | 117, 100
17 | 117 | 100 | 12 | 117, 100
17 | 117 | 100 | 57 | 117, 100
17 | 117 | 100 | 47 | 91, 78
17 | 117 | 100 | 0 | 117, 100
17 | 117 | 100 | 95 | 117, 100
17 | 117 | 100 | 33 | 117, 100
17 | 117 | 100 | 40 | 117, 100
17 | 117 | 100 | 62 | 117, 100
17 | 117 | 100 | 28 | 117, 100
17 | 117 | 100 | 32 | 58, 48
17 | 117 | 100 | 75 | 117, 100
17 | 117 | 100 | 68 | 117, 100
17 | 117 | 100 | 54 | 91, 78
17 | 117 | 100 | 82 | 117, 100
17 | 117 | 100 | 68 | 117, 100
17 | 117 | 100 | 88 | 117, 100
17 | 117 | 100 | 97 | 117, 100
17 | 117 | 100 | 1 | 117, 100
17 | 117 | 100 | 43 | 117, 100
17 | 117 | 100 | 27 | 117, 100
17 | 117 | 100 | 69 | 117, 100
17 | 117 | 100 | 51 | 117, 100
17 | 117 | 100 | 24 | 117, 100
17 | 117 | 100 | 81 | 117, 100
17 | 117 | 100 | 56 | 117, 100
17 | 117 | 100 | 22 | 117, 100
17 | 117 | 100 | 70 | 117, 100
17 | 117 | 100 | 0 | 117, 100
17 | 117 | 100 | 46 | 117, 100
17 | 117 | 100 | 61 | 117, 100
17 | 117 | 100 | 54 | 117, 100
17 | 117 | 100 | 33 | 117, 100
17 | 117 | 100 | 14 | 117, 100
17 | 117 | 100 | 14 | 117, 100
17 | 117 | 100 | 3 | 117, 100
17 | 117 | 100 | 9 | 117, 100
17 | 117 | 100 | 14 | 117, 100
17 | 117 | 100 | 2 | 117, 100
17 | 117 | 100 | 2 | 117, 100
17 | 117 | 100 | 68 | 117, 100
17 | 117 | 100 | 17 | 117, 100
17 | 117 | 100 | 97 | 117, 100
17 | 117 | 100 | 74 | 117, 100
17 | 117 | 100 | 46 | 117, 100
17 | 117 | 100 | 37 | 117, 100
17 | 117 | 100 | 73 | 117, 100
17 | 117 | 100 | 18 | 117, 100
17 | 117 | 100 | 12 | 117, 100
17 | 117 | 100 | 3 | 117, 100
17 | 117 | 100 | 91 | 117, 100
17 | 117 | 100 | 87 | 117, 100
17 | 117 | 100 | 63 | 117, 100
17 | 117 | 100 | 8 | 117, 100
17 | 117 | 100 | 60 | 117, 100
17 | 117 | 100 | 22 | 117, 100
17 | 117 | 100 | 64 | 117, 100
17 | 117 | 100 | 75 | 117, 100
17 | 117 | 100 | 35 | 117, 100
17 | 117 | 100 | 7 | 117, 100
17 | 117 | 100 | 49 | 117, 100
17 | 117 | 100 | 56 | 117, 100
17 | 117 | 100 | 73 | 117, 100
17 | 117 | 100 | 54 | 117, 100
17 | 117 | 100 | 45 | 117, 100
17 | 117 | 100 | 21 | 117, 100
17 | 117 | 100 | 49 | 117, 100
17 | 117 | 100 | 26 | 85, 74
17 | 117 | 100 | 58 | 117, 100
17 | 117 | 100 | 13 | 117, 100
17 | 117 | 100 | 23 | 117, 100
17 | 117 | 100 | 74 | 117, 100
17 | 117 | 100 | 29 | 117, 100
17 | 117 | 100 | 0 | 117, 100
17 | 117 | 100 | 40 | 117, 100
17 | 117 | 100 | 35 | 117, 100
17 | 117 | 100 | 12 | 117, 100
17 | 117 | 100 | 11 | 117, 100
17 | 117 | 100 | 9 | 117, 100
17 | 117 | 100 | 31 | 117, 100
17 | 117 | 100 | 0 | 117, 100
17 | 117 | 100 | 66 | 117, 100
17 | 117 | 100 | 79 | 117, 100
17 | 117 | 100 | 2 | 117, 100
17 | 117 | 100 | 62 | 117, 100
17 | 117 | 100 | 86 | 117, 100
17 | 117 | 100 | 56 | 117, 100
17 | 117 | 100 | 4 | 196, 185
17 | 117 | 100 | 47 | 117, 100
17 | 117 | 100 | 88 | 117, 100
17 | 117 | 100 | 49 | 117, 100
17 | 117 | 100 | 0 | 117, 100
17 | 117 | 100 | 39 | 117, 100
17 | 117 | 100 | 40 | 117, 100
17 | 117 | 100 | 31 | 117, 100
17 | 117 | 100 | 4 | 117, 100
17 | 117 | 100 | 59 | 117, 100
17 | 117 | 100 | 99 | 117, 100
17 | 117 | 100 | 0 | 117, 100
17 | 117 | 100 | 15 | 117, 100
17 | 117 | 100 | 63 | 162, 155
17 | 117 | 100 | 16 | 117, 100
17 | 117 | 100 | 14 | 117, 100
17 | 117 | 100 | 0 | 117, 100
17 | 117 | 100 | 42 | 117, 100
17 | 117 | 100 | 2 | 117, 100
17 | 117 | 100 | 75 | 117, 100
17 | 117 | 100 | 42 | 117, 100
17 | 117 | 100 | 31 | 117, 100
17 | 117 | 100 | 41 | 117, 100
17 | 117 | 100 | 0 | 117, 100
17 | 117 | 100 | 76 | 117, 100
17 | 117 | 100 | 49 | 117, 100
17 | 117 | 100 | 46 | 117, 100
17 | 117 | 100 | 0 | 117, 100
17 | 117 | 100 | 16 | 117, 100
17 | 117 | 100 | 95 | 117, 100
17 | 117 | 100 | 96 | 117, 100
17 | 117 | 100 | 94 | 117, 100
17 | 117 | 100 | 21 | 117, 100
17 | 117 | 100 | 12 | 117, 100
17 | 117 | 100 | 30 | 117, 100
17 | 117 | 100 | 15 | 117, 100
17 | 117 | 100 | 19 | 117, 100
17 | 117 | 100 | 85 | 117, 100
17 | 117 | 100 | 0 | 117, 100
17 | 117 | 100 | 51 | 117, 100
17 | 117 | 100 | 77 | 117, 100
17 | 117 | 100 | 14 | 117, 100
17 | 117 | 100 | 40 | 91, 78
17 | 117 | 100 | 56 | 117, 100
17 | 117 | 100 | 0 | 117, 100
17 | 117 | 100 | 85 | 117, 100
17 | 117 | 100 | 74 | 117, 100
17 | 117 | 100 | 9 | 117, 100
17 | 117 | 100 | 48 | 117, 100
17 | 117 | 100 | 31 | 117, 100
17 | 117 | 100 | 93 | 117, 100
17 | 117 | 100 | 15 | 117, 100
17 | 117 | 100 | 4 | 117, 100
17 | 117 | 100 | 56 | 58, 48
17 | 117 | 100 | 77 | 117, 100
17 | 117 | 100 | 64 | 117, 100
17 | 117 | 100 | 31 | 117, 100
17 | 117 | 100 | 17 | 117, 100
17 | 117 | 100 | 78 | 117, 100
17 | 117 | 100 | 74 | 117, 100
17 | 117 | 100 | 0 | 117, 100
17 | 117 | 100 | 0 | 117, 100
17 | 117 | 100 | 0 | 117, 100
17 | 117 | 100 | 1 | 117, 100
17 | 117 | 100 | 92 | 117, 100
17 | 117 | 100 | 0 | 117, 100
17 | 117 | 100 | 26 | 117, 100
17 | 117 | 100 | 78 | 117, 100
17 | 117 | 100 | 14 | 117, 100
17 | 117 | 100 | 23 | 117, 100
17 | 117 | 100 | 65 | 117, 100
17 | 117 | 100 | 57 | 117, 100
17 | 117 | 100 | 32 | 117, 100
17 | 117 | 100 | 20 | 117, 100
17 | 117 | 100 | 81 | 117, 100
17 | 117 | 100 | 88 | 117, 100
17 | 117 | 100 | 29 | 117, 100
17 | 117 | 100 | 31 | 117, 100
17 | 117 | 100 | 93 | 117, 100
17 | 117 | 100 | 22 | 117, 100
17 | 117 | 100 | 8 | 117, 100
17 | 117 | 100 | 41 | 117, 100
17 | 117 | 100 | 0 | 117, 100
17 | 117 | 100 | 52 | 117, 100
17 | 117 | 100 | 39 | 117, 100
17 | 117 | 100 | 41 | 117, 100
17 | 117 | 100 | 3 | 91, 78
17 | 117 | 100 | 36 | 117, 100
17 | 117 | 100 | 35 | 117, 100
17 | 117 | 100 | 33 | 117, 100
17 | 117 | 100 | 85 | 117, 100
17 | 117 | 100 | 13 | 117, 100
17 | 117 | 100 | 14 | 117, 100
17 | 117 | 100 | 81 | 117, 100
17 | 117 | 100 | 74 | 91, 78
17 | 117 | 100 | 3 | 117, 100
17 | 117 | 100 | 34 | 117, 100
17 | 117 | 100 | 30 | 117, 100
17 | 117 | 100 | 61 | 117, 100
17 | 117 | 100 | 6 | 117, 100
17 | 117 | 100 | 43 | 117, 100
17 | 117 | 100 | 40 | 117, 100
17 | 117 | 100 | 4 | 117, 100
17 | 117 | 100 | 11 | 117, 100
17 | 117 | 100 | 58 | 117, 100
17 | 117 | 100 | 65 | 117, 100
17 | 117 | 100 | 55 | 117, 100
17 | 117 | 100 | 21 | 117, 100
17 | 117 | 100 | 16 | 117, 100
17 | 117 | 100 | 15 | 117, 100
17 | 117 | 100 | 50 | 117, 100
17 | 117 | 100 | 0 | 117, 100
17 | 117 | 100 | 67 | 117, 100
17 | 117 | 100 | 53 | 117, 100
17 | 117 | 100 | 14 | 117, 100
17 | 117 | 100 | 44 | 117, 100
17 | 117 | 100 | 20 | 117, 100
17 | 117 | 100 | 85 | 117, 100
17 | 117 | 100 | 27 | 117, 100
17 | 117 | 100 | 62 | 117, 100
17 | 117 | 100 | 44 | 117, 100
17 | 117 | 100 | 10 | 117, 100
17 | 117 | 100 | 0 | 135, 121
17 | 117 | 100 | 36 | 117, 100
17 | 117 | 100 | 7 | 117, 100
17 | 117 | 100 | 24 | 135, 121
17 | 117 | 100 | 18 | 117, 100
17 | 117 | 100 | 29 | 117, 100
17 | 117 | 100 | 44 | 117, 100
17 | 117 | 100 | 8 | 117, 100
17 | 117 | 100 | 15 | 117, 100
17 | 117 | 100 | 72 | 117, 100
17 | 117 | 100 | 5 | 117, 100
17 | 117 | 100 | 0 | 117, 100
17 | 117 | 100 | 6 | 117, 100
17 | 117 | 100 | 5 | 117, 100
17 | 117 | 100 | 76 | 117, 100
17 | 117 | 100 | 0 | 117, 100
17 | 117 | 100 | 87 | 117, 100
17 | 117 | 100 | 7 | 117, 100
17 | 117 | 100 | 16 | 117, 100
17 | 117 | 100 | 36 | 117, 100
17 | 117 | 100 | 5 | 117, 100
17 | 117 | 100 | 0 | 117, 100
17 | 117 | 100 | 46 | 202, 195
17 | 117 | 100 | 79 | 117, 100
17 | 117 | 100 | 1 | 117, 100
17 | 117 | 100 | 3 | 117, 100
17 | 117 | 100 | 37 | 117, 100
17 | 117 | 100 | 67 | 117, 100
17 | 117 | 100 | 19 | 117, 100
17 | 117 | 100 | 72 | 117, 100
17 | 117 | 100 | 83 | 117, 100
17 | 117 | 100 | 68 | 117, 100
17 | 117 | 100 | 0 | 117, 100
17 | 117 | 100 | 2 | 117, 100
17 | 117 | 100 | 41 | 117, 100
17 | 117 | 100 | 49 | 117, 100
17 | 117 | 100 | 76 | 117, 100
17 | 117 | 100 | 1 | 117, 100
17 | 117 | 100 | 36 | 117, 100
17 | 117 | 100 | 27 | 117, 100
17 | 117 | 100 | 28 | 117, 100
17 | 117 | 100 | 0 | 117, 100
17 | 117 | 100 | 8 | 117, 100
17 | 117 | 100 | 16 | 117, 100
17 | 117 | 100 | 41 | 117, 100
17 | 117 | 100 | 22 | 117, 100
17 | 117 | 100 | 17 | 117, 100
17 | 117 | 100 | 57 | 117, 100
17 | 117 | 100 | 40 | 117, 100
17 | 117 | 100 | 78 | 117, 100
17 | 117 | 100 | 77 | 117, 100
17 | 117 | 100 | 10 | 117, 100
17 | 117 | 100 | 0 | 117, 100
17 | 117 | 100 | 24 | 117, 100
17 | 117 | 100 | 0 | 117, 100
17 | 117 | 100 | 68 | 117, 100
17 | 117 | 100 | 64 | 117, 100
17 | 117 | 100 | 37 | 117, 100
17 | 117 | 100 | 5 | 117, 100
17 | 117 | 100 | 16 | 117, 100
17 | 117 | 100 | 27 | 117, 100
17 | 117 | 100 | 65 | 117, 100
17 | 117 | 100 | 91 | 117, 100
17 | 117 | 100 | 8 | 117, 100
17 | 117 | 100 | 0 | 117, 100
17 | 117 | 100 | 23 | 117, 100
17 | 117 | 100 | 61 | 117, 100
17 | 117 | 100 | 47 | 117, 100
17 | 117 | 100 | 37 | 117, 100
17 | 117 | 100 | 26 | 117, 100
17 | 117 | 100 | 24 | 117, 100
17 | 117 | 100 | 34 | 91, 78
17 | 117 | 100 | 67 | 117, 100
17 | 117 | 100 | 21 | 117, 100
17 | 117 | 100 | 10 | 117, 100
17 | 117 | 100 | 0 | 117, 100
17 | 117 | 100 | 64 | 117, 100
17 | 117 | 100 | 88 | 117, 100
17 | 117 | 100 | 0 | 117, 100
17 | 117 | 100 | 1 | 117, 100
17 | 117 | 100 | 42 | 117, 100
17 | 117 | 100 | 70 | 117, 100
17 | 117 | 100 | 21 | 117, 100
17 | 117 | 100 | 58 | 117, 100
17 | 117 | 100 | 56 | 117, 100
17 | 117 | 100 | 23 | 117, 100
17 | 117 | 100 | 54 | 117, 100
17 | 117 | 100 | 16 | 117, 100
17 | 117 | 100 | 88 | 117, 100
17 | 117 | 100 | 89 | 157, 145
17 | 117 | 100 | 89 | 117, 100
17 | 117 | 100 | 36 | 117, 100
17 | 117 | 100 | 57 | 117, 100
17 | 117 | 100 | 97 | 117, 100
17 | 117 | 100 | 54 | 117, 100
17 | 117 | 100 | 14 | 117, 100
17 | 117 | 100 | 44 | 117, 100
17 | 117 | 100 | 90 | 117, 100
17 | 117 | 100 | 4 | 117, 100
17 | 117 | 100 | 16 | 117, 100
17 | 117 | 100 | 73 | 117, 100
17 | 117 | 100 | 66 | 91, 78
17 | 117 | 100 | 30 | 117, 100
17 | 117 | 100 | 26 | 117, 100
17 | 117 | 100 | 0 | 117, 100
17 | 117 | 100 | 32 | 117, 100
17 | 117 | 100 | 0 | 117, 100
17 | 117 | 100 | 13 | 117, 100
17 | 117 | 100 | 16 | 117, 100
17 | 117 | 100 | 28 | 117, 100
17 | 117 | 100 | 0 | 117, 100
17 | 117 | 100 | 25 | 117, 100
17 | 117 | 100 | 61 | 117, 100
17 | 117 | 100 | 33 | 117, 100
17 | 117 | 100 | 98 | 117, 100
17 | 117 | 100 | 4 | 117, 100
17 | 117 | 100 | 19 | 117, 100
17 | 117 | 100 | 18 | 117, 100
17 | 117 | 100 | 20 | 117, 100
17 | 117 | 100 | 27 | 117, 100
17 | 117 | 100 | 33 | 117, 100
17 | 117 | 100 | 31 | 117, 100
17 | 117 | 100 | 2 | 117, 100
17 | 117 | 100 | 77 | 162, 155
17 | 117 | 100 | 19 | 117, 100
17 | 117 | 100 | 77 | 117, 100
17 | 117 | 100 | 20 | 117, 100
17 | 117 | 100 | 64 | 117, 100
17 | 117 | 100 | 62 | 117, 100
17 | 117 | 100 | 62 | 132, 122
17 | 117 | 100 | 17 | 117, 100
17 | 117 | 100 | 10 | 117, 100
17 | 117 | 100 | 0 | 117, 100
17 | 117 | 100 | 92 | 117, 100
17 | 117 | 100 | 18 | 117, 100
17 | 117 | 100 | 50 | 117, 100
17 | 117 | 100 | 7 | 117, 100
17 | 117 | 100 | 29 | 117, 100
17 | 117 | 100 | 28 | 117, 100
17 | 117 | 100 | 83 | 117, 100
17 | 117 | 100 | 28 | 117, 100
17 | 117 | 100 | 29 | 117, 100
17 | 117 | 100 | 72 | 117, 100
17 | 117 | 100 | 29 | 117, 100
17 | 117 | 100 | 8 | 117, 100
17 | 117 | 100 | 30 | 117, 100
17 | 117 | 100 | 21 | 117, 100
17 | 117 | 100 | 40 | 117, 100
17 | 117 | 100 | 18 | 117, 100
17 | 117 | 100 | 37 | 117, 100
17 | 117 | 100 | 62 | 117, 100
17 | 117 | 100 | 88 | 117, 100
17 | 117 | 100 | 23 | 117, 100
17 | 117 | 100 | 58 | 117, 100
17 | 117 | 100 | 59 | 117, 100
17 | 117 | 100 | 48 | 117, 100
17 | 117 | 100 | 46 | 117, 100
17 | 117 | 100 | 56 | 117, 100
17 | 117 | 100 | 0 | 117, 100
17 | 117 | 100 | 12 | 117, 100
17 | 117 | 100 | 0 | 117, 100
17 | 117 | 100 | 11 | 117, 100
17 | 117 | 100 | 52 | 117, 100
17 | 117 | 100 | 0 | 117, 100
17 | 117 | 100 | 43 | 117, 100
17 | 117 | 100 | 4 | 117, 100
17 | 117 | 100 | 19 | 117, 100
17 | 117 | 100 | 25 | 117, 100
17 | 117 | 100 | 88 | 117, 100
17 | 117 | 100 | 66 | 117, 100
17 | 117 | 100 | 26 | 117, 100
17 | 117 | 100 | 65 | 117, 100
17 | 117 | 100 | 68 | 117, 100
17 | 117 | 100 | 85 | 117, 100
17 | 117 | 100 | 72 | 117, 100
17 | 117 | 100 | 76 | 91, 78
17 | 117 | 100 | 37 | 117, 100
17 | 117 | 100 | 0 | 117, 100
17 | 117 | 100 | 14 | 117, 100
17 | 117 | 100 | 56 | 117, 100
17 | 117 | 100 | 95 | 117, 100
17 | 117 | 100 | 32 | 117, 100
17 | 117 | 100 | 71 | 117, 100
17 | 117 | 100 | 80 | 117, 100
17 | 117 | 100 | 5 | 117, 100
17 | 117 | 100 | 6 | 117, 100
17 | 117 | 100 | 90 | 117, 100
17 | 117 | 100 | 35 | 117, 100
17 | 117 | 100 | 0 | 117, 100
17 | 117 | 100 | 11 | 117, 100
17 | 117 | 100 | 36 | 117, 100
17 | 117 | 100 | 28 | 117, 100
17 | 117 | 100 | 2 | 162, 155
17 | 117 | 100 | 3 | 117, 100
17 | 117 | 100 | 33 | 117, 100
17 | 117 | 100 | 42 | 117, 100
17 | 117 | 100 | 16 | 117, 100
17 | 117 | 100 | 6 | 117, 100
17 | 117 | 100 | 61 | 117, 100
17 | 117 | 100 | 47 | 117, 100
17 | 117 | 100 | 0 | 117, 100
17 | 117 | 100 | 32 | 117, 100
17 | 117 | 100 | 35 | 117, 100
17 | 117 | 100 | 8 | 117, 100
17 | 117 | 100 | 10 | 117, 100
17 | 117 | 100 | 59 | 117, 100
17 | 117 | 100 | 3 | 117, 100
17 | 117 | 100 | 96 | 117, 100
17 | 117 | 100 | 60 | 117, 100
17 | 117 | 100 | 37 | 117, 100
17 | 117 | 100 | 6 | 117, 100
17 | 117 | 100 | 68 | 117, 100
17 | 117 | 100 | 95 | 117, 100
17 | 117 | 100 | 21 | 117, 100
17 | 117 | 100 | 2 | 117, 100
17 | 117 | 100 | 0 | 117, 100
17 | 117 | 100 | 0 | 117, 100
17 | 117 | 100 | 49 | 117, 100
17 | 117 | 100 | 27 | 117, 100
17 | 117 | 100 | 30 | 117, 100
17 | 117 | 100 | 74 | 117, 100
17 | 117 | 100 | 24 | 117, 100
17 | 117 | 100 | 31 | 117, 100
17 | 117 | 100 | 25 | 117, 100
17 | 117 | 100 | 11 | 117, 100
17 | 117 | 100 | 0 | 117, 100
17 | 117 | 100 | 91 | 117, 100
17 | 117 | 100 | 18 | 117, 100
17 | 117 | 100 | 36 | 117, 100
17 | 117 | 100 | 27 | 117, 100
17 | 117 | 100 | 38 | 117, 100
17 | 117 | 100 | 44 | 117, 100
17 | 117 | 100 | 86 | 117, 100
17 | 117 | 100 | 0 | 117, 100
17 | 117 | 100 | 44 | 117, 100
17 | 117 | 100 | 41 | 117, 100
17 | 117 | 100 | 64 | 117, 100
17 | 117 | 100 | 64 | 117, 100
17 | 117 | 100 | 92 | 117, 100
17 | 117 | 100 | 0 | 117, 100
17 | 117 | 100 | 0 | 117, 100
17 | 117 | 100 | 35 | 117, 100
17 | 117 | 100 | 5 | 117, 100
17 | 117 | 100 | 93 | 117, 100
17 | 117 | 100 | 0 | 117, 100
17 | 117 | 100 | 58 | 117, 100
17 | 117 | 100 | 7 | 117, 100
