1 | 0 | 0 | 0 | 432, 443
1 | 0 | 0 | 0 | 612, 579
1 | 0 | 0 | 0 | 437, 492
1 | 0 | 0 | 0 | 425, 455
1 | 0 | 0 | 0 | 624, 621
1 | 0 | 0 | 0 | 384, 374
1 | 0 | 0 | 0 | 382, 454
86 | 187 | 101 | 86 | 187, 101
1 | 0 | 0 | 0 | 470, 394
1 | 0 | 0 | 0 | 510, 510
1 | 0 | 0 | 0 | 537, 537
36 | 125 | 89 | 40 | 125, 89
1 | 0 | 0 | 0 | 533, 486
1 | 0 | 0 | 0 | 527, 504
1 | 0 | 0 | 0 | 418, 392
55 | 156 | 101 | 1 | 156, 101
1 | 0 | 0 | 0 | 680, 607
1 | 0 | 0 | 0 | 314, 315
1 | 0 | 0 | 0 | 467, 515
86 | 187 | 101 | 54 | 118, 72
1 | 0 | 0 | 0 | 328, 309
1 | 0 | 0 | 0 | 407, 425
86 | 187 | 101 | 62 | 181, 97
53 | 141 | 88 | 42 | 141, 88
1 | 0 | 0 | 0 | 231, 249
1 | 0 | 0 | 0 | 672, 679
86 | 187 | 101 | 54 | 118, 72
1 | 0 | 0 | 0 | 395, 472
1 | 0 | 0 | 0 | 397, 422
86 | 187 | 101 | 26 | 187, 101
1 | 0 | 0 | 0 | 509, 484
1 | 0 | 0 | 0 | 517, 488
1 | 0 | 0 | 0 | 590, 545
1 | 0 | 0 | 0 | 432, 404
1 | 0 | 0 | 0 | 716, 645
1 | 0 | 0 | 0 | 567, 512
1 | 0 | 0 | 0 | 604, 583
1 | 0 | 0 | 0 | 568, 468
84 | 181 | 97 | 38 | 156, 101
86 | 187 | 101 | 42 | 187, 101
84 | 181 | 97 | 12 | 156, 101
1 | 0 | 0 | 0 | 402, 412
1 | 0 | 0 | 0 | 419, 405
1 | 0 | 0 | 0 | 543, 523
1 | 0 | 0 | 0 | 432, 405
1 | 0 | 0 | 0 | 587, 565
86 | 187 | 101 | 90 | 187, 101
1 | 0 | 0 | 0 | 736, 761
1 | 0 | 0 | 0 | 407, 433
1 | 0 | 0 | 0 | 443, 423
47 | 145 | 98 | 29 | 145, 98
1 | 0 | 0 | 0 | 736, 731
1 | 0 | 0 | 0 | 489, 443
1 | 0 | 0 | 0 | 603, 612
1 | 0 | 0 | 0 | 553, 538
1 | 0 | 0 | 0 | 550, 576
1 | 0 | 0 | 0 | 432, 447
2 | 81 | 79 | 19 | 453, 425
1 | 0 | 0 | 0 | 534, 499
1 | 0 | 0 | 0 | 363, 387
1 | 0 | 0 | 0 | 439, 390
1 | 0 | 0 | 0 | 516, 479
1 | 0 | 0 | 0 | 624, 586
1 | 0 | 0 | 0 | 484, 412
1 | 0 | 0 | 0 | 355, 387
1 | 0 | 0 | 0 | 408, 452
1 | 0 | 0 | 0 | 494, 581
1 | 0 | 0 | 0 | 789, 777
1 | 0 | 0 | 0 | 549, 524
1 | 0 | 0 | 0 | 728, 746
1 | 0 | 0 | 0 | 399, 359
1 | 0 | 0 | 0 | 293, 339
1 | 0 | 0 | 0 | 691, 718
1 | 0 | 0 | 0 | 315, 377
1 | 0 | 0 | 0 | 321, 386
1 | 0 | 0 | 0 | 660, 670
86 | 187 | 101 | 22 | 187, 101
86 | 187 | 101 | 17 | 187, 101
1 | 0 | 0 | 0 | 187, 180
86 | 187 | 101 | 87 | 118, 72
55 | 156 | 101 | 61 | 156, 101
1 | 0 | 0 | 0 | 245, 308
1 | 0 | 0 | 0 | 623, 540
86 | 187 | 101 | 7 | 187, 101
1 | 0 | 0 | 0 | 367, 415
1 | 0 | 0 | 0 | 602, 539
1 | 0 | 0 | 0 | 504, 483
1 | 0 | 0 | 0 | 475, 392
1 | 0 | 0 | 0 | 728, 717
34 | 133 | 99 | 74 | 109, 81
1 | 0 | 0 | 0 | 593, 595
53 | 141 | 88 | 14 | 141, 88
1 | 0 | 0 | 0 | 312, 294
1 | 0 | 0 | 0 | 478, 445
1 | 0 | 0 | 0 | 418, 390
1 | 0 | 0 | 0 | 707, 690
1 | 0 | 0 | 0 | 388, 379
1 | 0 | 0 | 0 | 453, 495
1 | 0 | 0 | 0 | 565, 562
1 | 0 | 0 | 0 | 442, 404
55 | 156 | 101 | 25 | 156, 101
1 | 0 | 0 | 0 | 792, 760
86 | 187 | 101 | 27 | 187, 101
1 | 0 | 0 | 0 | 559, 478
1 | 0 | 0 | 0 | 405, 360
1 | 0 | 0 | 0 | 472, 484
1 | 0 | 0 | 0 | 598, 513
1 | 0 | 0 | 0 | 542, 555
1 | 0 | 0 | 0 | 636, 641
53 | 141 | 88 | 20 | 141, 88
38 | 131 | 93 | 38 | 131, 93
1 | 0 | 0 | 0 | 569, 533
86 | 187 | 101 | 81 | 187, 101
1 | 0 | 0 | 0 | 323, 311
1 | 0 | 0 | 0 | 623, 613
84 | 181 | 97 | 19 | 156, 101
86 | 187 | 101 | 7 | 118, 72
1 | 0 | 0 | 0 | 575, 555
1 | 0 | 0 | 0 | 388, 331
1 | 0 | 0 | 0 | 523, 464
1 | 0 | 0 | 0 | 621, 653
1 | 0 | 0 | 0 | 420, 451
1 | 0 | 0 | 0 | 363, 405
86 | 187 | 101 | 22 | 181, 97
1 | 0 | 0 | 0 | 285, 268
86 | 187 | 101 | 69 | 145, 80
1 | 0 | 0 | 0 | 562, 595
1 | 0 | 0 | 0 | 333, 353
1 | 0 | 0 | 0 | 440, 474
1 | 0 | 0 | 0 | 308, 331
1 | 0 | 0 | 0 | 392, 426
1 | 0 | 0 | 0 | 394, 374
1 | 0 | 0 | 0 | 680, 692
1 | 0 | 0 | 0 | 430, 408
1 | 0 | 0 | 0 | 485, 434
1 | 0 | 0 | 0 | 670, 632
1 | 0 | 0 | 0 | 446, 497
1 | 0 | 0 | 0 | 383, 403
86 | 187 | 101 | 22 | 187, 101
1 | 0 | 0 | 0 | 488, 448
86 | 187 | 101 | 40 | 187, 101
86 | 187 | 101 | 0 | 187, 101
1 | 0 | 0 | 0 | 502, 547
1 | 0 | 0 | 0 | 522, 563
1 | 0 | 0 | 0 | 374, 434
86 | 187 | 101 | 44 | 187, 101
1 | 0 | 0 | 0 | 720, 680
55 | 156 | 101 | 98 | 156, 101
1 | 0 | 0 | 0 | 777, 734
1 | 0 | 0 | 0 | 508, 480
1 | 0 | 0 | 0 | 479, 441
1 | 0 | 0 | 0 | 406, 436
86 | 187 | 101 | 19 | 246, 153
1 | 0 | 0 | 0 | 570, 510
1 | 0 | 0 | 0 | 393, 466
84 | 181 | 97 | 60 | 155, 75
37 | 120 | 83 | 53 | 110, 88
1 | 0 | 0 | 0 | 493, 388
1 | 0 | 0 | 0 | 518, 500
1 | 0 | 0 | 0 | 347, 359
86 | 187 | 101 | 10 | 187, 101
1 | 0 | 0 | 0 | 630, 546
1 | 0 | 0 | 0 | 569, 516
1 | 0 | 0 | 0 | 537, 546
1 | 0 | 0 | 0 | 577, 627
1 | 0 | 0 | 0 | 439, 421
1 | 0 | 0 | 0 | 494, 468
86 | 187 | 101 | 24 | 181, 97
1 | 0 | 0 | 0 | 475, 458
1 | 0 | 0 | 0 | 456, 452
1 | 0 | 0 | 0 | 501, 556
1 | 0 | 0 | 0 | 545, 532
51 | 130 | 79 | 29 | 120, 84
86 | 187 | 101 | 38 | 181, 97
1 | 0 | 0 | 0 | 442, 403
1 | 0 | 0 | 0 | 383, 354
1 | 0 | 0 | 0 | 684, 653
1 | 0 | 0 | 0 | 364, 331
1 | 0 | 0 | 0 | 416, 419
1 | 0 | 0 | 0 | 508, 527
1 | 0 | 0 | 0 | 618, 593
1 | 0 | 0 | 0 | 544, 575
33 | 78 | 45 | 66 | 111, 88
1 | 0 | 0 | 0 | 421, 399
1 | 0 | 0 | 0 | 603, 605
86 | 187 | 101 | 15 | 181, 97
1 | 0 | 0 | 0 | 587, 598
1 | 0 | 0 | 0 | 291, 249
1 | 0 | 0 | 0 | 491, 489
1 | 0 | 0 | 0 | 411, 368
1 | 0 | 0 | 0 | 479, 542
1 | 0 | 0 | 0 | 422, 412
1 | 0 | 0 | 0 | 442, 408
1 | 0 | 0 | 0 | 510, 462
1 | 0 | 0 | 0 | 496, 445
1 | 0 | 0 | 0 | 413, 443
1 | 0 | 0 | 0 | 349, 344
1 | 0 | 0 | 0 | 494, 509
86 | 187 | 101 | 75 | 181, 97
63 | 139 | 76 | 70 | 186, 124
1 | 0 | 0 | 0 | 597, 611
1 | 0 | 0 | 0 | 423, 382
1 | 0 | 0 | 0 | 506, 526
1 | 0 | 0 | 0 | 406, 448
1 | 0 | 0 | 0 | 448, 384
1 | 0 | 0 | 0 | 525, 547
86 | 187 | 101 | 93 | 187, 101
84 | 181 | 97 | 6 | 118, 72
1 | 0 | 0 | 0 | 640, 624
43 | 119 | 76 | 50 | 109, 81
40 | 138 | 98 | 68 | 132, 101
1 | 0 | 0 | 0 | 322, 357
1 | 0 | 0 | 0 | 540, 509
84 | 181 | 97 | 45 | 156, 101
1 | 0 | 0 | 0 | 430, 467
1 | 0 | 0 | 0 | 591, 570
1 | 0 | 0 | 0 | 647, 662
1 | 0 | 0 | 0 | 437, 402
1 | 0 | 0 | 0 | 651, 595
1 | 0 | 0 | 0 | 439, 371
1 | 0 | 0 | 0 | 629, 647
1 | 0 | 0 | 0 | 536, 500
1 | 0 | 0 | 0 | 400, 413
1 | 0 | 0 | 0 | 618, 635
1 | 0 | 0 | 0 | 548, 487
1 | 0 | 0 | 0 | 498, 469
55 | 156 | 101 | 73 | 156, 101
86 | 187 | 101 | 38 | 181, 97
86 | 187 | 101 | 30 | 118, 72
1 | 0 | 0 | 0 | 385, 391
86 | 187 | 101 | 5 | 118, 72
1 | 0 | 0 | 0 | 587, 580
55 | 156 | 101 | 92 | 156, 101
55 | 156 | 101 | 70 | 156, 101
1 | 0 | 0 | 0 | 503, 520
47 | 145 | 98 | 60 | 145, 98
17 | 70 | 53 | 22 | 110, 98
1 | 0 | 0 | 0 | 644, 617
1 | 0 | 0 | 0 | 614, 662
1 | 0 | 0 | 0 | 509, 469
86 | 187 | 101 | 31 | 118, 72
86 | 187 | 101 | 34 | 118, 72
1 | 0 | 0 | 0 | 343, 348
1 | 0 | 0 | 0 | 583, 575
1 | 0 | 0 | 0 | 650, 655
1 | 0 | 0 | 0 | 484, 530
1 | 0 | 0 | 0 | 588, 575
1 | 0 | 0 | 0 | 458, 399
1 | 0 | 0 | 0 | 411, 338
1 | 0 | 0 | 0 | 710, 722
1 | 0 | 0 | 0 | 703, 634
1 | 0 | 0 | 0 | 263, 264
1 | 0 | 0 | 0 | 329, 399
84 | 181 | 97 | 99 | 181, 97
86 | 187 | 101 | 5 | 187, 101
86 | 187 | 101 | 61 | 187, 101
1 | 0 | 0 | 0 | 527, 549
1 | 0 | 0 | 0 | 468, 394
46 | 118 | 72 | 76 | 118, 72
1 | 0 | 0 | 0 | 467, 499
84 | 181 | 97 | 99 | 181, 97
1 | 0 | 0 | 0 | 338, 372
1 | 0 | 0 | 0 | 527, 553
86 | 187 | 101 | 63 | 187, 101
86 | 187 | 101 | 84 | 181, 97
84 | 181 | 97 | 61 | 118, 72
1 | 0 | 0 | 0 | 549, 498
1 | 0 | 0 | 0 | 520, 475
1 | 0 | 0 | 0 | 394, 417
1 | 0 | 0 | 0 | 360, 335
1 | 0 | 0 | 0 | 436, 464
1 | 0 | 0 | 0 | 425, 487
1 | 0 | 0 | 0 | 554, 633
1 | 0 | 0 | 0 | 418, 432
1 | 0 | 0 | 0 | 484, 485
86 | 187 | 101 | 19 | 208, 166
1 | 0 | 0 | 0 | 326, 331
1 | 0 | 0 | 0 | 501, 432
1 | 0 | 0 | 0 | 510, 486
1 | 0 | 0 | 0 | 683, 692
1 | 0 | 0 | 0 | 378, 443
1 | 0 | 0 | 0 | 706, 694
1 | 0 | 0 | 0 | 464, 459
1 | 0 | 0 | 0 | 459, 472
1 | 0 | 0 | 0 | 519, 495
1 | 0 | 0 | 0 | 433, 447
1 | 0 | 0 | 0 | 503, 525
47 | 145 | 98 | 63 | 145, 98
1 | 0 | 0 | 0 | 549, 568
86 | 187 | 101 | 38 | 181, 97
53 | 141 | 88 | 96 | 141, 88
1 | 0 | 0 | 0 | 660, 650
86 | 187 | 101 | 17 | 181, 97
86 | 187 | 101 | 66 | 187, 101
1 | 0 | 0 | 0 | 452, 456
17 | 117 | 100 | 88 | 117, 100
1 | 0 | 0 | 0 | 578, 508
1 | 0 | 0 | 0 | 549, 559
1 | 0 | 0 | 0 | 605, 620
84 | 181 | 97 | 83 | 181, 97
3 | 73 | 70 | 97 | 469, 502
1 | 0 | 0 | 0 | 383, 393
1 | 0 | 0 | 0 | 465, 467
1 | 0 | 0 | 0 | 636, 650
1 | 0 | 0 | 0 | 479, 391
1 | 0 | 0 | 0 | 455, 459
86 | 187 | 101 | 50 | 181, 97
86 | 187 | 101 | 74 | 187, 101
1 | 0 | 0 | 0 | 470, 513
1 | 0 | 0 | 0 | 617, 575
1 | 0 | 0 | 0 | 540, 583
51 | 130 | 79 | 30 | 120, 84
1 | 0 | 0 | 0 | 621, 649
1 | 0 | 0 | 0 | 453, 507
1 | 0 | 0 | 0 | 448, 464
1 | 0 | 0 | 0 | 711, 648
1 | 0 | 0 | 0 | 527, 542
1 | 0 | 0 | 0 | 433, 387
1 | 0 | 0 | 0 | 389, 369
1 | 0 | 0 | 0 | 426, 444
3 | 104 | 101 | 71 | 224, 296
1 | 0 | 0 | 0 | 623, 641
1 | 0 | 0 | 0 | 394, 414
84 | 181 | 97 | 85 | 118, 72
4 | 98 | 94 | 69 | 262, 302
1 | 0 | 0 | 0 | 437, 443
1 | 0 | 0 | 0 | 421, 450
1 | 0 | 0 | 0 | 696, 639
86 | 187 | 101 | 65 | 181, 97
1 | 0 | 0 | 0 | 390, 349
1 | 0 | 0 | 0 | 306, 334
1 | 0 | 0 | 0 | 606, 636
1 | 0 | 0 | 0 | 552, 469
1 | 0 | 0 | 0 | 403, 421
1 | 0 | 0 | 0 | 571, 572
1 | 0 | 0 | 0 | 259, 239
55 | 156 | 101 | 27 | 156, 101
86 | 187 | 101 | 93 | 181, 97
1 | 0 | 0 | 0 | 613, 622
55 | 156 | 101 | 10 | 118, 72
1 | 0 | 0 | 0 | 363, 381
1 | 0 | 0 | 0 | 420, 493
1 | 0 | 0 | 0 | 441, 450
1 | 0 | 0 | 0 | 471, 467
1 | 0 | 0 | 0 | 546, 497
1 | 0 | 0 | 0 | 645, 567
1 | 0 | 0 | 0 | 403, 381
1 | 0 | 0 | 0 | 422, 470
1 | 0 | 0 | 0 | 418, 411
1 | 0 | 0 | 0 | 380, 362
1 | 0 | 0 | 0 | 446, 392
1 | 0 | 0 | 0 | 666, 642
1 | 0 | 0 | 0 | 672, 679
1 | 0 | 0 | 0 | 471, 522
1 | 0 | 0 | 0 | 499, 505
1 | 0 | 0 | 0 | 621, 588
1 | 0 | 0 | 0 | 448, 407
1 | 0 | 0 | 0 | 487, 437
86 | 187 | 101 | 62 | 187, 101
1 | 0 | 0 | 0 | 565, 587
1 | 0 | 0 | 0 | 317, 251
86 | 187 | 101 | 37 | 187, 101
1 | 0 | 0 | 0 | 351, 355
84 | 181 | 97 | 40 | 181, 97
1 | 0 | 0 | 0 | 521, 488
1 | 0 | 0 | 0 | 408, 415
55 | 156 | 101 | 95 | 156, 101
55 | 156 | 101 | 58 | 118, 72
1 | 0 | 0 | 0 | 462, 486
1 | 0 | 0 | 0 | 297, 260
1 | 0 | 0 | 0 | 421, 432
1 | 0 | 0 | 0 | 505, 569
1 | 0 | 0 | 0 | 557, 605
1 | 0 | 0 | 0 | 625, 615
1 | 0 | 0 | 0 | 599, 592
1 | 0 | 0 | 0 | 658, 584
5 | 86 | 81 | 22 | 558, 579
1 | 0 | 0 | 0 | 469, 456
46 | 118 | 72 | 50 | 123, 99
1 | 0 | 0 | 0 | 630, 583
1 | 0 | 0 | 0 | 434, 422
1 | 0 | 0 | 0 | 442, 471
1 | 0 | 0 | 0 | 177, 189
86 | 187 | 101 | 13 | 155, 75
86 | 187 | 101 | 76 | 181, 97
1 | 0 | 0 | 0 | 626, 663
1 | 0 | 0 | 0 | 307, 325
1 | 0 | 0 | 0 | 425, 371
1 | 0 | 0 | 0 | 340, 348
84 | 181 | 97 | 28 | 205, 157
52 | 151 | 99 | 54 | 118, 72
86 | 187 | 101 | 44 | 181, 97
1 | 0 | 0 | 0 | 662, 599
86 | 187 | 101 | 21 | 187, 101
1 | 0 | 0 | 0 | 549, 569
55 | 156 | 101 | 66 | 156, 101
1 | 0 | 0 | 0 | 533, 472
1 | 0 | 0 | 0 | 396, 423
86 | 187 | 101 | 5 | 187, 101
1 | 0 | 0 | 0 | 514, 450
86 | 187 | 101 | 3 | 181, 97
1 | 0 | 0 | 0 | 518, 469
47 | 145 | 98 | 39 | 145, 98
1 | 0 | 0 | 0 | 504, 561
1 | 0 | 0 | 0 | 606, 529
1 | 0 | 0 | 0 | 542, 470
1 | 0 | 0 | 0 | 367, 381
47 | 145 | 98 | 36 | 145, 98
1 | 0 | 0 | 0 | 499, 512
1 | 0 | 0 | 0 | 508, 468
1 | 0 | 0 | 0 | 481, 452
1 | 0 | 0 | 0 | 652, 675
1 | 0 | 0 | 0 | 552, 597
1 | 0 | 0 | 0 | 479, 532
1 | 0 | 0 | 0 | 302, 365
1 | 0 | 0 | 0 | 577, 560
46 | 118 | 72 | 57 | 118, 72
1 | 0 | 0 | 0 | 595, 535
1 | 0 | 0 | 0 | 731, 692
1 | 0 | 0 | 0 | 560, 606
86 | 187 | 101 | 49 | 187, 101
1 | 0 | 0 | 0 | 530, 518
1 | 0 | 0 | 0 | 385, 355
84 | 181 | 97 | 8 | 86, 46
1 | 0 | 0 | 0 | 181, 214
1 | 0 | 0 | 0 | 598, 567
46 | 118 | 72 | 74 | 118, 72
1 | 0 | 0 | 0 | 414, 322
1 | 0 | 0 | 0 | 506, 558
1 | 0 | 0 | 0 | 649, 661
84 | 181 | 97 | 81 | 181, 97
1 | 0 | 0 | 0 | 263, 266
86 | 187 | 101 | 76 | 187, 101
1 | 0 | 0 | 0 | 585, 596
1 | 0 | 0 | 0 | 445, 488
1 | 0 | 0 | 0 | 437, 422
1 | 0 | 0 | 0 | 401, 410
86 | 187 | 101 | 90 | 181, 97
1 | 0 | 0 | 0 | 478, 560
55 | 156 | 101 | 60 | 156, 101
84 | 181 | 97 | 49 | 181, 97
1 | 0 | 0 | 0 | 352, 368
1 | 0 | 0 | 0 | 517, 509
86 | 187 | 101 | 28 | 181, 97
1 | 0 | 0 | 0 | 482, 479
1 | 0 | 0 | 0 | 459, 432
1 | 0 | 0 | 0 | 520, 504
1 | 0 | 0 | 0 | 486, 444
86 | 187 | 101 | 91 | 118, 72
86 | 187 | 101 | 55 | 187, 101
84 | 181 | 97 | 18 | 181, 97
1 | 0 | 0 | 0 | 608, 541
1 | 0 | 0 | 0 | 421, 386
1 | 0 | 0 | 0 | 479, 508
16 | 78 | 62 | 77 | 96, 83
34 | 133 | 99 | 22 | 133, 99
1 | 0 | 0 | 0 | 387, 456
1 | 0 | 0 | 0 | 677, 659
1 | 0 | 0 | 0 | 713, 697
1 | 0 | 0 | 0 | 386, 358
1 | 0 | 0 | 0 | 515, 578
1 | 0 | 0 | 0 | 422, 493
80 | 155 | 75 | 87 | 141, 88
1 | 0 | 0 | 0 | 466, 501
1 | 0 | 0 | 0 | 685, 644
1 | 0 | 0 | 0 | 355, 379
1 | 0 | 0 | 0 | 574, 517
86 | 187 | 101 | 41 | 145, 80
84 | 181 | 97 | 85 | 145, 98
86 | 187 | 101 | 38 | 181, 97
86 | 187 | 101 | 24 | 155, 75
1 | 0 | 0 | 0 | 493, 468
1 | 0 | 0 | 0 | 408, 421
1 | 0 | 0 | 0 | 426, 435
1 | 0 | 0 | 0 | 571, 501
86 | 187 | 101 | 1 | 187, 101
1 | 0 | 0 | 0 | 413, 363
1 | 0 | 0 | 0 | 404, 377
1 | 0 | 0 | 0 | 419, 508
1 | 0 | 0 | 0 | 422, 451
86 | 187 | 101 | 25 | 187, 101
1 | 0 | 0 | 0 | 677, 665
1 | 0 | 0 | 0 | 545, 553
1 | 0 | 0 | 0 | 466, 373
1 | 0 | 0 | 0 | 548, 568
51 | 130 | 79 | 19 | 124, 82
1 | 0 | 0 | 0 | 506, 535
1 | 0 | 0 | 0 | 472, 523
1 | 0 | 0 | 0 | 716, 714
1 | 0 | 0 | 0 | 503, 511
1 | 0 | 0 | 0 | 768, 686
1 | 0 | 0 | 0 | 517, 512
1 | 0 | 0 | 0 | 340, 265
1 | 0 | 0 | 0 | 366, 310
86 | 187 | 101 | 75 | 181, 97
1 | 0 | 0 | 0 | 560, 500
36 | 125 | 89 | 46 | 125, 89
1 | 0 | 0 | 0 | 347, 379
1 | 0 | 0 | 0 | 418, 449
1 | 0 | 0 | 0 | 452, 491
1 | 0 | 0 | 0 | 406, 378
86 | 187 | 101 | 43 | 181, 97
1 | 0 | 0 | 0 | 277, 293
1 | 0 | 0 | 0 | 305, 381
84 | 181 | 97 | 1 | 155, 75
1 | 0 | 0 | 0 | 303, 306
1 | 0 | 0 | 0 | 310, 259
1 | 0 | 0 | 0 | 448, 455
84 | 181 | 97 | 93 | 181, 97
1 | 0 | 0 | 0 | 491, 399
1 | 0 | 0 | 0 | 457, 498
1 | 0 | 0 | 0 | 626, 553
1 | 0 | 0 | 0 | 634, 638
1 | 0 | 0 | 0 | 467, 424
1 | 0 | 0 | 0 | 571, 528
86 | 187 | 101 | 46 | 118, 72
86 | 187 | 101 | 61 | 187, 101
1 | 0 | 0 | 0 | 521, 479
1 | 0 | 0 | 0 | 652, 592
1 | 0 | 0 | 0 | 403, 408
1 | 0 | 0 | 0 | 326, 341
1 | 0 | 0 | 0 | 625, 559
86 | 187 | 101 | 3 | 187, 101
1 | 0 | 0 | 0 | 667, 605
1 | 0 | 0 | 0 | 345, 379
1 | 0 | 0 | 0 | 455, 395
1 | 0 | 0 | 0 | 466, 451
84 | 181 | 97 | 19 | 156, 101
1 | 0 | 0 | 0 | 452, 497
86 | 187 | 101 | 96 | 187, 101
1 | 0 | 0 | 0 | 346, 407
1 | 0 | 0 | 0 | 489, 505
1 | 0 | 0 | 0 | 380, 359
53 | 141 | 88 | 63 | 141, 88
76 | 175 | 99 | 19 | 118, 72
1 | 0 | 0 | 0 | 552, 504
1 | 0 | 0 | 0 | 571, 538
86 | 187 | 101 | 40 | 187, 101
1 | 0 | 0 | 0 | 599, 533
84 | 181 | 97 | 58 | 181, 97
55 | 156 | 101 | 6 | 86, 46
1 | 0 | 0 | 0 | 461, 403
1 | 0 | 0 | 0 | 628, 596
1 | 0 | 0 | 0 | 530, 575
1 | 0 | 0 | 0 | 455, 444
1 | 0 | 0 | 0 | 578, 563
1 | 0 | 0 | 0 | 614, 694
1 | 0 | 0 | 0 | 621, 563
1 | 0 | 0 | 0 | 346, 361
1 | 0 | 0 | 0 | 510, 499
86 | 187 | 101 | 18 | 187, 101
1 | 0 | 0 | 0 | 455, 458
1 | 0 | 0 | 0 | 615, 607
38 | 131 | 93 | 73 | 131, 93
1 | 0 | 0 | 0 | 403, 478
1 | 0 | 0 | 0 | 596, 526
1 | 0 | 0 | 0 | 523, 539
1 | 0 | 0 | 0 | 563, 554
1 | 0 | 0 | 0 | 620, 605
1 | 0 | 0 | 0 | 719, 686
1 | 0 | 0 | 0 | 516, 499
86 | 187 | 101 | 28 | 187, 101
1 | 0 | 0 | 0 | 684, 657
1 | 0 | 0 | 0 | 585, 567
1 | 0 | 0 | 0 | 390, 376
86 | 187 | 101 | 90 | 187, 101
86 | 187 | 101 | 88 | 118, 72
2 | 97 | 95 | 99 | 304, 307
86 | 187 | 101 | 59 | 213, 123
1 | 0 | 0 | 0 | 423, 429
1 | 0 | 0 | 0 | 398, 442
86 | 187 | 101 | 18 | 169, 98
1 | 0 | 0 | 0 | 412, 404
1 | 0 | 0 | 0 | 601, 631
1 | 0 | 0 | 0 | 389, 386
86 | 187 | 101 | 18 | 187, 101
1 | 0 | 0 | 0 | 446, 439
1 | 0 | 0 | 0 | 508, 513
1 | 0 | 0 | 0 | 753, 704
1 | 0 | 0 | 0 | 632, 556
1 | 0 | 0 | 0 | 564, 560
1 | 0 | 0 | 0 | 601, 549
1 | 0 | 0 | 0 | 693, 646
84 | 181 | 97 | 9 | 145, 98
1 | 0 | 0 | 0 | 288, 245
1 | 0 | 0 | 0 | 455, 494
1 | 0 | 0 | 0 | 465, 419
1 | 0 | 0 | 0 | 621, 574
1 | 0 | 0 | 0 | 534, 549
1 | 0 | 0 | 0 | 177, 259
84 | 181 | 97 | 66 | 118, 72
84 | 181 | 97 | 93 | 145, 98
1 | 0 | 0 | 0 | 423, 437
1 | 0 | 0 | 0 | 440, 323
1 | 0 | 0 | 0 | 666, 642
1 | 0 | 0 | 0 | 452, 403
1 | 0 | 0 | 0 | 775, 723
1 | 0 | 0 | 0 | 256, 284
1 | 0 | 0 | 0 | 487, 489
1 | 0 | 0 | 0 | 495, 466
1 | 0 | 0 | 0 | 455, 432
1 | 0 | 0 | 0 | 553, 502
1 | 0 | 0 | 0 | 615, 608
1 | 0 | 0 | 0 | 539, 497
86 | 187 | 101 | 38 | 181, 97
1 | 0 | 0 | 0 | 587, 561
1 | 0 | 0 | 0 | 428, 383
1 | 0 | 0 | 0 | 635, 620
1 | 0 | 0 | 0 | 546, 497
1 | 0 | 0 | 0 | 461, 482
86 | 187 | 101 | 90 | 187, 101
1 | 0 | 0 | 0 | 586, 627
1 | 0 | 0 | 0 | 459, 423
1 | 0 | 0 | 0 | 705, 672
1 | 0 | 0 | 0 | 603, 580
1 | 0 | 0 | 0 | 500, 565
1 | 0 | 0 | 0 | 393, 438
86 | 187 | 101 | 22 | 181, 97
1 | 0 | 0 | 0 | 452, 519
1 | 0 | 0 | 0 | 533, 544
86 | 187 | 101 | 48 | 187, 101
1 | 0 | 0 | 0 | 202, 251
1 | 0 | 0 | 0 | 561, 470
86 | 187 | 101 | 47 | 181, 97
1 | 0 | 0 | 0 | 594, 644
1 | 0 | 0 | 0 | 592, 598
1 | 0 | 0 | 0 | 661, 582
1 | 0 | 0 | 0 | 730, 730
1 | 0 | 0 | 0 | 736, 713
1 | 0 | 0 | 0 | 428, 477
2 | 97 | 95 | 61 | 552, 519
53 | 141 | 88 | 96 | 124, 82
1 | 0 | 0 | 0 | 576, 456
1 | 0 | 0 | 0 | 378, 387
1 | 0 | 0 | 0 | 679, 647
1 | 0 | 0 | 0 | 527, 528
1 | 0 | 0 | 0 | 330, 360
55 | 156 | 101 | 98 | 156, 101
1 | 0 | 0 | 0 | 556, 486
1 | 0 | 0 | 0 | 412, 425
86 | 187 | 101 | 97 | 187, 101
1 | 0 | 0 | 0 | 656, 676
1 | 0 | 0 | 0 | 465, 458
1 | 0 | 0 | 0 | 571, 601
1 | 0 | 0 | 0 | 705, 694
53 | 141 | 88 | 96 | 141, 88
1 | 0 | 0 | 0 | 534, 499
1 | 0 | 0 | 0 | 678, 611
1 | 0 | 0 | 0 | 452, 494
1 | 0 | 0 | 0 | 453, 453
1 | 0 | 0 | 0 | 551, 562
1 | 0 | 0 | 0 | 306, 313
1 | 0 | 0 | 0 | 322, 349
1 | 0 | 0 | 0 | 719, 695
1 | 0 | 0 | 0 | 528, 534
1 | 0 | 0 | 0 | 419, 508
1 | 0 | 0 | 0 | 628, 649
1 | 0 | 0 | 0 | 609, 636
1 | 0 | 0 | 0 | 568, 594
1 | 0 | 0 | 0 | 536, 523
55 | 156 | 101 | 23 | 118, 72
1 | 0 | 0 | 0 | 403, 467
1 | 0 | 0 | 0 | 506, 446
1 | 0 | 0 | 0 | 252, 328
46 | 118 | 72 | 52 | 118, 72
1 | 0 | 0 | 0 | 362, 425
1 | 0 | 0 | 0 | 536, 546
1 | 0 | 0 | 0 | 527, 497
1 | 0 | 0 | 0 | 525, 501
1 | 0 | 0 | 0 | 606, 608
1 | 0 | 0 | 0 | 503, 492
1 | 0 | 0 | 0 | 542, 500
1 | 0 | 0 | 0 | 604, 649
1 | 0 | 0 | 0 | 663, 598
1 | 0 | 0 | 0 | 338, 316
86 | 187 | 101 | 78 | 155, 75
1 | 0 | 0 | 0 | 477, 463
1 | 0 | 0 | 0 | 500, 474
1 | 0 | 0 | 0 | 419, 477
55 | 156 | 101 | 76 | 130, 79
1 | 0 | 0 | 0 | 470, 471
1 | 0 | 0 | 0 | 463, 462
1 | 0 | 0 | 0 | 451, 527
1 | 0 | 0 | 0 | 595, 568
39 | 110 | 71 | 34 | 110, 71
1 | 0 | 0 | 0 | 657, 546
1 | 0 | 0 | 0 | 453, 480
86 | 187 | 101 | 52 | 187, 101
1 | 0 | 0 | 0 | 419, 374
1 | 0 | 0 | 0 | 462, 477
1 | 0 | 0 | 0 | 415, 340
1 | 0 | 0 | 0 | 639, 613
1 | 0 | 0 | 0 | 531, 491
86 | 187 | 101 | 37 | 181, 97
1 | 0 | 0 | 0 | 669, 657
86 | 187 | 101 | 25 | 181, 97
1 | 0 | 0 | 0 | 523, 555
1 | 0 | 0 | 0 | 557, 511
1 | 0 | 0 | 0 | 500, 488
1 | 0 | 0 | 0 | 519, 542
1 | 0 | 0 | 0 | 615, 682
1 | 0 | 0 | 0 | 514, 511
51 | 130 | 79 | 97 | 130, 79
1 | 0 | 0 | 0 | 266, 359
1 | 0 | 0 | 0 | 513, 535
1 | 0 | 0 | 0 | 402, 360
1 | 0 | 0 | 0 | 398, 360
1 | 0 | 0 | 0 | 474, 434
1 | 0 | 0 | 0 | 557, 600
1 | 0 | 0 | 0 | 565, 564
1 | 0 | 0 | 0 | 469, 441
1 | 0 | 0 | 0 | 559, 552
1 | 0 | 0 | 0 | 240, 316
1 | 0 | 0 | 0 | 584, 670
84 | 181 | 97 | 70 | 181, 97
38 | 112 | 74 | 35 | 131, 93
1 | 0 | 0 | 0 | 437, 469
53 | 141 | 88 | 61 | 141, 88
1 | 0 | 0 | 0 | 556, 508
1 | 0 | 0 | 0 | 555, 492
1 | 0 | 0 | 0 | 402, 398
1 | 0 | 0 | 0 | 459, 426
1 | 0 | 0 | 0 | 372, 372
1 | 0 | 0 | 0 | 499, 509
1 | 0 | 0 | 0 | 567, 584
84 | 181 | 97 | 13 | 181, 97
1 | 0 | 0 | 0 | 424, 361
86 | 187 | 101 | 6 | 187, 101
86 | 187 | 101 | 67 | 187, 101
1 | 0 | 0 | 0 | 488, 550
1 | 0 | 0 | 0 | 297, 359
1 | 0 | 0 | 0 | 425, 429
1 | 0 | 0 | 0 | 500, 460
1 | 0 | 0 | 0 | 509, 563
47 | 145 | 98 | 42 | 145, 98
55 | 156 | 101 | 21 | 145, 98
86 | 187 | 101 | 14 | 118, 72
1 | 0 | 0 | 0 | 344, 328
1 | 0 | 0 | 0 | 383, 372
1 | 0 | 0 | 0 | 423, 358
86 | 187 | 101 | 84 | 187, 101
1 | 0 | 0 | 0 | 456, 470
1 | 0 | 0 | 0 | 536, 535
1 | 0 | 0 | 0 | 490, 434
86 | 187 | 101 | 15 | 187, 101
86 | 187 | 101 | 36 | 181, 97
1 | 0 | 0 | 0 | 688, 696
86 | 187 | 101 | 2 | 187, 101
86 | 187 | 101 | 64 | 181, 97
1 | 0 | 0 | 0 | 570, 580
1 | 0 | 0 | 0 | 413, 467
1 | 0 | 0 | 0 | 464, 480
47 | 145 | 98 | 3 | 145, 98
1 | 0 | 0 | 0 | 442, 443
1 | 0 | 0 | 0 | 450, 407
1 | 0 | 0 | 0 | 590, 595
1 | 0 | 0 | 0 | 652, 595
1 | 0 | 0 | 0 | 394, 346
1 | 0 | 0 | 0 | 411, 438
1 | 0 | 0 | 0 | 238, 271
1 | 0 | 0 | 0 | 418, 381
84 | 181 | 97 | 55 | 181, 97
1 | 0 | 0 | 0 | 551, 477
55 | 156 | 101 | 67 | 145, 98
1 | 0 | 0 | 0 | 440, 453
1 | 0 | 0 | 0 | 491, 439
1 | 0 | 0 | 0 | 302, 335
55 | 156 | 101 | 90 | 156, 101
1 | 0 | 0 | 0 | 662, 608
1 | 0 | 0 | 0 | 396, 390
1 | 0 | 0 | 0 | 482, 491
1 | 0 | 0 | 0 | 412, 411
1 | 0 | 0 | 0 | 439, 471
86 | 187 | 101 | 40 | 92, 50
1 | 0 | 0 | 0 | 529, 552
86 | 187 | 101 | 0 | 187, 101
1 | 0 | 0 | 0 | 520, 553
1 | 0 | 0 | 0 | 651, 701
86 | 187 | 101 | 35 | 213, 123
53 | 141 | 88 | 24 | 125, 89
1 | 0 | 0 | 0 | 580, 559
1 | 0 | 0 | 0 | 749, 775
1 | 0 | 0 | 0 | 284, 301
1 | 0 | 0 | 0 | 478, 464
1 | 0 | 0 | 0 | 235, 272
1 | 0 | 0 | 0 | 493, 421
1 | 0 | 0 | 0 | 530, 495
1 | 0 | 0 | 0 | 240, 250
1 | 0 | 0 | 0 | 493, 531
1 | 0 | 0 | 0 | 621, 563
1 | 0 | 0 | 0 | 537, 467
1 | 0 | 0 | 0 | 613, 602
1 | 0 | 0 | 0 | 545, 554
84 | 181 | 97 | 51 | 181, 97
1 | 0 | 0 | 0 | 558, 571
1 | 0 | 0 | 0 | 599, 556
1 | 0 | 0 | 0 | 621, 586
1 | 0 | 0 | 0 | 496, 442
1 | 0 | 0 | 0 | 295, 297
1 | 0 | 0 | 0 | 498, 534
1 | 0 | 0 | 0 | 455, 423
1 | 0 | 0 | 0 | 332, 333
84 | 181 | 97 | 13 | 181, 97
80 | 155 | 75 | 37 | 141, 88
1 | 0 | 0 | 0 | 414, 362
1 | 0 | 0 | 0 | 330, 402
1 | 0 | 0 | 0 | 555, 544
86 | 187 | 101 | 15 | 187, 101
1 | 0 | 0 | 0 | 244, 279
55 | 156 | 101 | 35 | 156, 101
1 | 0 | 0 | 0 | 480, 478
86 | 187 | 101 | 76 | 118, 72
1 | 0 | 0 | 0 | 593, 589
1 | 0 | 0 | 0 | 365, 373
46 | 118 | 72 | 57 | 118, 72
1 | 0 | 0 | 0 | 463, 415
1 | 0 | 0 | 0 | 379, 450
1 | 0 | 0 | 0 | 522, 485
86 | 187 | 101 | 77 | 181, 97
38 | 131 | 93 | 58 | 109, 81
1 | 0 | 0 | 0 | 474, 412
1 | 0 | 0 | 0 | 406, 465
1 | 0 | 0 | 0 | 467, 432
1 | 0 | 0 | 0 | 642, 617
1 | 0 | 0 | 0 | 433, 400
1 | 0 | 0 | 0 | 806, 754
55 | 156 | 101 | 82 | 216, 160
1 | 0 | 0 | 0 | 602, 582
1 | 0 | 0 | 0 | 366, 365
86 | 187 | 101 | 29 | 118, 72
80 | 155 | 75 | 99 | 141, 88
1 | 0 | 0 | 0 | 248, 278
1 | 0 | 0 | 0 | 602, 589
1 | 0 | 0 | 0 | 486, 489
1 | 0 | 0 | 0 | 318, 285
1 | 0 | 0 | 0 | 354, 309
1 | 0 | 0 | 0 | 563, 514
1 | 0 | 0 | 0 | 555, 564
86 | 187 | 101 | 24 | 118, 72
71 | 169 | 98 | 74 | 133, 99
1 | 0 | 0 | 0 | 444, 496
1 | 0 | 0 | 0 | 453, 466
1 | 0 | 0 | 0 | 659, 670
1 | 0 | 0 | 0 | 363, 339
1 | 0 | 0 | 0 | 419, 388
1 | 0 | 0 | 0 | 490, 470
1 | 0 | 0 | 0 | 298, 380
1 | 0 | 0 | 0 | 430, 469
1 | 0 | 0 | 0 | 412, 421
1 | 0 | 0 | 0 | 716, 698
1 | 0 | 0 | 0 | 409, 424
1 | 0 | 0 | 0 | 568, 600
1 | 0 | 0 | 0 | 675, 725
1 | 0 | 0 | 0 | 330, 296
1 | 0 | 0 | 0 | 511, 446
1 | 0 | 0 | 0 | 397, 450
1 | 0 | 0 | 0 | 471, 484
1 | 0 | 0 | 0 | 540, 563
1 | 0 | 0 | 0 | 636, 623
1 | 0 | 0 | 0 | 689, 693
1 | 0 | 0 | 0 | 578, 561
86 | 187 | 101 | 76 | 187, 101
55 | 156 | 101 | 24 | 145, 98
1 | 0 | 0 | 0 | 450, 440
1 | 0 | 0 | 0 | 458, 503
86 | 187 | 101 | 14 | 139, 98
1 | 0 | 0 | 0 | 634, 665
1 | 0 | 0 | 0 | 744, 697
1 | 0 | 0 | 0 | 406, 453
1 | 0 | 0 | 0 | 514, 550
1 | 0 | 0 | 0 | 591, 610
1 | 0 | 0 | 0 | 631, 593
1 | 0 | 0 | 0 | 503, 516
1 | 0 | 0 | 0 | 466, 463
86 | 187 | 101 | 19 | 187, 101
1 | 0 | 0 | 0 | 374, 326
63 | 139 | 76 | 90 | 139, 76
1 | 0 | 0 | 0 | 222, 290
43 | 119 | 76 | 13 | 124, 82
1 | 0 | 0 | 0 | 365, 383
84 | 181 | 97 | 31 | 145, 98
1 | 0 | 0 | 0 | 276, 302
86 | 187 | 101 | 55 | 187, 101
1 | 0 | 0 | 0 | 412, 361
86 | 187 | 101 | 26 | 187, 101
1 | 0 | 0 | 0 | 430, 438
1 | 0 | 0 | 0 | 348, 329
1 | 0 | 0 | 0 | 717, 699
1 | 0 | 0 | 0 | 538, 537
1 | 0 | 0 | 0 | 549, 601
1 | 0 | 0 | 0 | 369, 337
1 | 0 | 0 | 0 | 325, 338
1 | 0 | 0 | 0 | 437, 415
86 | 187 | 101 | 59 | 113, 54
1 | 0 | 0 | 0 | 266, 320
1 | 0 | 0 | 0 | 520, 577
1 | 0 | 0 | 0 | 493, 462
1 | 0 | 0 | 0 | 660, 687
1 | 0 | 0 | 0 | 588, 549
1 | 0 | 0 | 0 | 372, 397
1 | 0 | 0 | 0 | 497, 441
1 | 0 | 0 | 0 | 655, 577
1 | 0 | 0 | 0 | 607, 541
1 | 0 | 0 | 0 | 549, 493
1 | 0 | 0 | 0 | 675, 583
1 | 0 | 0 | 0 | 537, 504
1 | 0 | 0 | 0 | 643, 566
86 | 187 | 101 | 81 | 187, 101
1 | 0 | 0 | 0 | 422, 517
1 | 0 | 0 | 0 | 545, 548
1 | 0 | 0 | 0 | 556, 604
55 | 156 | 101 | 64 | 156, 101
1 | 0 | 0 | 0 | 513, 434
1 | 0 | 0 | 0 | 500, 439
1 | 0 | 0 | 0 | 424, 450
1 | 0 | 0 | 0 | 465, 505
1 | 0 | 0 | 0 | 546, 475
1 | 0 | 0 | 0 | 577, 574
86 | 187 | 101 | 81 | 187, 101
1 | 0 | 0 | 0 | 686, 659
1 | 0 | 0 | 0 | 292, 230
1 | 0 | 0 | 0 | 607, 591
1 | 0 | 0 | 0 | 529, 575
1 | 0 | 0 | 0 | 442, 462
1 | 0 | 0 | 0 | 676, 681
1 | 0 | 0 | 0 | 403, 372
1 | 0 | 0 | 0 | 603, 606
1 | 0 | 0 | 0 | 134, 141
1 | 0 | 0 | 0 | 455, 484
1 | 0 | 0 | 0 | 594, 600
1 | 0 | 0 | 0 | 456, 449
86 | 187 | 101 | 11 | 118, 72
84 | 181 | 97 | 53 | 145, 98
1 | 0 | 0 | 0 | 476, 474
42 | 92 | 50 | 78 | 92, 50
1 | 0 | 0 | 0 | 633, 661
1 | 0 | 0 | 0 | 320, 331
1 | 0 | 0 | 0 | 439, 486
1 | 0 | 0 | 0 | 435, 439
1 | 0 | 0 | 0 | 496, 525
1 | 0 | 0 | 0 | 486, 451
86 | 187 | 101 | 78 | 187, 101
84 | 181 | 97 | 55 | 181, 97
84 | 181 | 97 | 76 | 118, 72
86 | 187 | 101 | 42 | 181, 97
86 | 187 | 101 | 34 | 181, 97
86 | 187 | 101 | 60 | 187, 101
1 | 0 | 0 | 0 | 425, 409
1 | 0 | 0 | 0 | 358, 403
1 | 0 | 0 | 0 | 523, 444
1 | 0 | 0 | 0 | 390, 341
1 | 0 | 0 | 0 | 516, 460
1 | 0 | 0 | 0 | 448, 444
86 | 187 | 101 | 48 | 187, 101
47 | 145 | 98 | 51 | 145, 98
1 | 0 | 0 | 0 | 703, 623
1 | 0 | 0 | 0 | 445, 448
1 | 0 | 0 | 0 | 664, 658
1 | 0 | 0 | 0 | 475, 538
1 | 0 | 0 | 0 | 479, 474
1 | 0 | 0 | 0 | 781, 735
1 | 0 | 0 | 0 | 369, 378
1 | 0 | 0 | 0 | 487, 495
86 | 187 | 101 | 99 | 118, 72
1 | 0 | 0 | 0 | 506, 481
1 | 0 | 0 | 0 | 619, 686
1 | 0 | 0 | 0 | 554, 515
84 | 181 | 97 | 51 | 181, 97
86 | 187 | 101 | 66 | 187, 101
1 | 0 | 0 | 0 | 511, 456
84 | 181 | 97 | 61 | 145, 98
53 | 141 | 88 | 49 | 125, 89
1 | 0 | 0 | 0 | 321, 346
1 | 0 | 0 | 0 | 415, 463
86 | 187 | 101 | 58 | 187, 101
1 | 0 | 0 | 0 | 550, 447
1 | 0 | 0 | 0 | 605, 524
1 | 0 | 0 | 0 | 593, 526
1 | 0 | 0 | 0 | 472, 461
46 | 118 | 72 | 44 | 118, 72
1 | 0 | 0 | 0 | 351, 381
1 | 0 | 0 | 0 | 413, 380
1 | 0 | 0 | 0 | 435, 517
1 | 0 | 0 | 0 | 661, 622
86 | 187 | 101 | 50 | 118, 72
86 | 187 | 101 | 60 | 118, 72
86 | 187 | 101 | 1 | 187, 101
1 | 0 | 0 | 0 | 650, 674
1 | 0 | 0 | 0 | 430, 340
1 | 0 | 0 | 0 | 465, 415
1 | 0 | 0 | 0 | 437, 369
84 | 181 | 97 | 85 | 118, 72
1 | 0 | 0 | 0 | 648, 596
1 | 0 | 0 | 0 | 188, 181
1 | 0 | 0 | 0 | 649, 704
1 | 0 | 0 | 0 | 443, 430
1 | 0 | 0 | 0 | 542, 492
2 | 99 | 97 | 72 | 318, 335
1 | 0 | 0 | 0 | 466, 488
86 | 187 | 101 | 63 | 118, 72
