1 | 0 | 0 | 0 | 490, 467
1 | 0 | 0 | 0 | 469, 520
1 | 0 | 0 | 0 | 593, 536
1 | 0 | 0 | 0 | 422, 474
1 | 0 | 0 | 0 | 518, 490
1 | 0 | 0 | 0 | 487, 512
1 | 0 | 0 | 0 | 492, 458
1 | 0 | 0 | 0 | 605, 593
1 | 0 | 0 | 0 | 538, 465
1 | 0 | 0 | 0 | 534, 587
1 | 0 | 0 | 0 | 636, 661
84 | 181 | 97 | 71 | 181, 97
1 | 0 | 0 | 0 | 471, 553
1 | 0 | 0 | 0 | 616, 585
1 | 0 | 0 | 0 | 692, 688
1 | 0 | 0 | 0 | 574, 610
1 | 0 | 0 | 0 | 490, 532
1 | 0 | 0 | 0 | 396, 399
1 | 0 | 0 | 0 | 655, 616
1 | 0 | 0 | 0 | 531, 527
1 | 0 | 0 | 0 | 746, 699
1 | 0 | 0 | 0 | 609, 554
1 | 0 | 0 | 0 | 540, 522
1 | 0 | 0 | 0 | 357, 407
1 | 0 | 0 | 0 | 598, 578
1 | 0 | 0 | 0 | 422, 424
1 | 0 | 0 | 0 | 571, 609
1 | 0 | 0 | 0 | 785, 753
1 | 0 | 0 | 0 | 476, 491
1 | 0 | 0 | 0 | 654, 618
1 | 0 | 0 | 0 | 566, 535
1 | 0 | 0 | 0 | 337, 328
1 | 0 | 0 | 0 | 634, 639
1 | 0 | 0 | 0 | 737, 725
1 | 0 | 0 | 0 | 595, 593
1 | 0 | 0 | 0 | 555, 562
1 | 0 | 0 | 0 | 585, 504
1 | 0 | 0 | 0 | 591, 528
1 | 0 | 0 | 0 | 550, 507
1 | 0 | 0 | 0 | 507, 506
1 | 0 | 0 | 0 | 556, 562
1 | 0 | 0 | 0 | 679, 670
1 | 0 | 0 | 0 | 454, 445
1 | 0 | 0 | 0 | 466, 428
1 | 0 | 0 | 0 | 539, 511
1 | 0 | 0 | 0 | 446, 443
1 | 0 | 0 | 0 | 590, 562
1 | 0 | 0 | 0 | 523, 542
1 | 0 | 0 | 0 | 572, 505
1 | 0 | 0 | 0 | 510, 505
1 | 0 | 0 | 0 | 453, 433
1 | 0 | 0 | 0 | 821, 780
1 | 0 | 0 | 0 | 576, 548
1 | 0 | 0 | 0 | 301, 331
1 | 0 | 0 | 0 | 491, 543
1 | 0 | 0 | 0 | 468, 516
1 | 0 | 0 | 0 | 616, 571
1 | 0 | 0 | 0 | 618, 580
1 | 0 | 0 | 0 | 515, 519
1 | 0 | 0 | 0 | 521, 485
1 | 0 | 0 | 0 | 418, 432
1 | 0 | 0 | 0 | 613, 668
1 | 0 | 0 | 0 | 344, 344
1 | 0 | 0 | 0 | 559, 549
1 | 0 | 0 | 0 | 462, 426
1 | 0 | 0 | 0 | 420, 436
1 | 0 | 0 | 0 | 361, 391
1 | 0 | 0 | 0 | 643, 638
1 | 0 | 0 | 0 | 667, 634
1 | 0 | 0 | 0 | 646, 583
1 | 0 | 0 | 0 | 566, 625
1 | 0 | 0 | 0 | 712, 685
1 | 0 | 0 | 0 | 463, 438
1 | 0 | 0 | 0 | 553, 560
1 | 0 | 0 | 0 | 758, 737
1 | 0 | 0 | 0 | 573, 544
1 | 0 | 0 | 0 | 526, 571
1 | 0 | 0 | 0 | 393, 388
1 | 0 | 0 | 0 | 600, 636
1 | 0 | 0 | 0 | 482, 528
1 | 0 | 0 | 0 | 476, 489
1 | 0 | 0 | 0 | 563, 595
1 | 0 | 0 | 0 | 694, 623
1 | 0 | 0 | 0 | 471, 424
1 | 0 | 0 | 0 | 684, 659
1 | 0 | 0 | 0 | 734, 712
1 | 0 | 0 | 0 | 566, 594
1 | 0 | 0 | 0 | 780, 698
1 | 0 | 0 | 0 | 606, 551
1 | 0 | 0 | 0 | 412, 423
1 | 0 | 0 | 0 | 521, 501
1 | 0 | 0 | 0 | 417, 473
1 | 0 | 0 | 0 | 658, 690
46 | 118 | 72 | 6 | 118, 72
1 | 0 | 0 | 0 | 408, 460
1 | 0 | 0 | 0 | 597, 598
1 | 0 | 0 | 0 | 606, 550
1 | 0 | 0 | 0 | 686, 614
1 | 0 | 0 | 0 | 369, 355
1 | 0 | 0 | 0 | 516, 469
1 | 0 | 0 | 0 | 702, 650
1 | 0 | 0 | 0 | 645, 585
1 | 0 | 0 | 0 | 485, 429
1 | 0 | 0 | 0 | 596, 586
1 | 0 | 0 | 0 | 444, 456
1 | 0 | 0 | 0 | 470, 551
1 | 0 | 0 | 0 | 695, 684
1 | 0 | 0 | 0 | 480, 400
1 | 0 | 0 | 0 | 485, 462
1 | 0 | 0 | 0 | 321, 351
1 | 0 | 0 | 0 | 617, 584
1 | 0 | 0 | 0 | 425, 370
1 | 0 | 0 | 0 | 587, 546
1 | 0 | 0 | 0 | 403, 447
1 | 0 | 0 | 0 | 414, 468
1 | 0 | 0 | 0 | 580, 549
1 | 0 | 0 | 0 | 598, 538
1 | 0 | 0 | 0 | 551, 558
1 | 0 | 0 | 0 | 569, 495
1 | 0 | 0 | 0 | 668, 621
1 | 0 | 0 | 0 | 652, 543
1 | 0 | 0 | 0 | 454, 461
1 | 0 | 0 | 0 | 600, 628
1 | 0 | 0 | 0 | 371, 382
1 | 0 | 0 | 0 | 467, 458
1 | 0 | 0 | 0 | 502, 504
1 | 0 | 0 | 0 | 569, 603
1 | 0 | 0 | 0 | 468, 484
1 | 0 | 0 | 0 | 408, 443
1 | 0 | 0 | 0 | 393, 423
1 | 0 | 0 | 0 | 549, 505
1 | 0 | 0 | 0 | 541, 516
1 | 0 | 0 | 0 | 404, 430
1 | 0 | 0 | 0 | 588, 640
1 | 0 | 0 | 0 | 747, 752
1 | 0 | 0 | 0 | 536, 531
1 | 0 | 0 | 0 | 612, 595
1 | 0 | 0 | 0 | 390, 401
1 | 0 | 0 | 0 | 378, 446
1 | 0 | 0 | 0 | 750, 787
1 | 0 | 0 | 0 | 549, 543
1 | 0 | 0 | 0 | 172, 190
1 | 0 | 0 | 0 | 411, 425
1 | 0 | 0 | 0 | 573, 485
1 | 0 | 0 | 0 | 546, 591
1 | 0 | 0 | 0 | 595, 520
1 | 0 | 0 | 0 | 514, 550
1 | 0 | 0 | 0 | 418, 396
1 | 0 | 0 | 0 | 411, 402
1 | 0 | 0 | 0 | 446, 452
1 | 0 | 0 | 0 | 861, 794
1 | 0 | 0 | 0 | 517, 503
1 | 0 | 0 | 0 | 407, 436
1 | 0 | 0 | 0 | 403, 347
1 | 0 | 0 | 0 | 515, 539
1 | 0 | 0 | 0 | 334, 396
1 | 0 | 0 | 0 | 537, 513
1 | 0 | 0 | 0 | 487, 453
1 | 0 | 0 | 0 | 447, 396
1 | 0 | 0 | 0 | 534, 532
1 | 0 | 0 | 0 | 530, 581
1 | 0 | 0 | 0 | 435, 369
1 | 0 | 0 | 0 | 553, 596
1 | 0 | 0 | 0 | 614, 638
1 | 0 | 0 | 0 | 414, 503
1 | 0 | 0 | 0 | 406, 416
1 | 0 | 0 | 0 | 554, 519
1 | 0 | 0 | 0 | 679, 679
1 | 0 | 0 | 0 | 485, 507
1 | 0 | 0 | 0 | 395, 418
1 | 0 | 0 | 0 | 403, 385
1 | 0 | 0 | 0 | 369, 361
1 | 0 | 0 | 0 | 553, 516
1 | 0 | 0 | 0 | 579, 540
1 | 0 | 0 | 0 | 580, 542
1 | 0 | 0 | 0 | 546, 586
1 | 0 | 0 | 0 | 449, 493
1 | 0 | 0 | 0 | 577, 573
80 | 155 | 75 | 80 | 113, 54
1 | 0 | 0 | 0 | 568, 604
43 | 119 | 76 | 90 | 139, 100
1 | 0 | 0 | 0 | 476, 521
1 | 0 | 0 | 0 | 536, 488
1 | 0 | 0 | 0 | 521, 462
1 | 0 | 0 | 0 | 665, 655
1 | 0 | 0 | 0 | 501, 497
1 | 0 | 0 | 0 | 590, 570
1 | 0 | 0 | 0 | 709, 693
1 | 0 | 0 | 0 | 753, 779
1 | 0 | 0 | 0 | 420, 431
1 | 0 | 0 | 0 | 345, 367
1 | 0 | 0 | 0 | 500, 441
1 | 0 | 0 | 0 | 509, 495
1 | 0 | 0 | 0 | 375, 364
34 | 114 | 80 | 6 | 132, 101
1 | 0 | 0 | 0 | 496, 545
1 | 0 | 0 | 0 | 586, 598
1 | 0 | 0 | 0 | 553, 550
1 | 0 | 0 | 0 | 679, 703
1 | 0 | 0 | 0 | 388, 423
1 | 0 | 0 | 0 | 606, 618
1 | 0 | 0 | 0 | 569, 608
1 | 0 | 0 | 0 | 437, 461
1 | 0 | 0 | 0 | 572, 617
1 | 0 | 0 | 0 | 514, 553
1 | 0 | 0 | 0 | 445, 406
1 | 0 | 0 | 0 | 535, 565
1 | 0 | 0 | 0 | 378, 334
1 | 0 | 0 | 0 | 554, 599
1 | 0 | 0 | 0 | 418, 444
1 | 0 | 0 | 0 | 405, 374
1 | 0 | 0 | 0 | 517, 562
1 | 0 | 0 | 0 | 707, 649
1 | 0 | 0 | 0 | 714, 712
1 | 0 | 0 | 0 | 664, 662
1 | 0 | 0 | 0 | 395, 446
1 | 0 | 0 | 0 | 626, 599
1 | 0 | 0 | 0 | 617, 615
1 | 0 | 0 | 0 | 614, 642
1 | 0 | 0 | 0 | 358, 365
1 | 0 | 0 | 0 | 541, 556
1 | 0 | 0 | 0 | 585, 598
1 | 0 | 0 | 0 | 557, 542
1 | 0 | 0 | 0 | 664, 584
1 | 0 | 0 | 0 | 728, 658
1 | 0 | 0 | 0 | 607, 594
1 | 0 | 0 | 0 | 539, 470
1 | 0 | 0 | 0 | 556, 522
1 | 0 | 0 | 0 | 499, 566
1 | 0 | 0 | 0 | 567, 511
1 | 0 | 0 | 0 | 619, 666
1 | 0 | 0 | 0 | 655, 632
1 | 0 | 0 | 0 | 626, 624
1 | 0 | 0 | 0 | 701, 663
1 | 0 | 0 | 0 | 654, 651
1 | 0 | 0 | 0 | 527, 487
1 | 0 | 0 | 0 | 500, 515
1 | 0 | 0 | 0 | 575, 521
1 | 0 | 0 | 0 | 802, 770
1 | 0 | 0 | 0 | 423, 426
1 | 0 | 0 | 0 | 600, 603
1 | 0 | 0 | 0 | 538, 541
1 | 0 | 0 | 0 | 521, 558
1 | 0 | 0 | 0 | 579, 591
1 | 0 | 0 | 0 | 637, 516
1 | 0 | 0 | 0 | 514, 577
1 | 0 | 0 | 0 | 581, 529
1 | 0 | 0 | 0 | 751, 693
1 | 0 | 0 | 0 | 516, 487
1 | 0 | 0 | 0 | 566, 556
1 | 0 | 0 | 0 | 485, 452
1 | 0 | 0 | 0 | 495, 509
1 | 0 | 0 | 0 | 606, 582
1 | 0 | 0 | 0 | 275, 334
1 | 0 | 0 | 0 | 539, 564
1 | 0 | 0 | 0 | 743, 711
1 | 0 | 0 | 0 | 506, 609
1 | 0 | 0 | 0 | 570, 469
1 | 0 | 0 | 0 | 724, 720
1 | 0 | 0 | 0 | 546, 566
1 | 0 | 0 | 0 | 735, 744
1 | 0 | 0 | 0 | 507, 475
1 | 0 | 0 | 0 | 570, 554
1 | 0 | 0 | 0 | 557, 539
1 | 0 | 0 | 0 | 477, 514
1 | 0 | 0 | 0 | 577, 613
1 | 0 | 0 | 0 | 658, 620
1 | 0 | 0 | 0 | 480, 497
1 | 0 | 0 | 0 | 679, 706
1 | 0 | 0 | 0 | 471, 471
1 | 0 | 0 | 0 | 620, 647
1 | 0 | 0 | 0 | 696, 666
1 | 0 | 0 | 0 | 648, 631
1 | 0 | 0 | 0 | 642, 588
1 | 0 | 0 | 0 | 475, 494
1 | 0 | 0 | 0 | 659, 593
1 | 0 | 0 | 0 | 735, 661
1 | 0 | 0 | 0 | 520, 525
1 | 0 | 0 | 0 | 603, 604
1 | 0 | 0 | 0 | 495, 476
1 | 0 | 0 | 0 | 495, 493
1 | 0 | 0 | 0 | 384, 416
1 | 0 | 0 | 0 | 751, 733
1 | 0 | 0 | 0 | 471, 458
1 | 0 | 0 | 0 | 479, 447
1 | 0 | 0 | 0 | 464, 458
1 | 0 | 0 | 0 | 795, 756
1 | 0 | 0 | 0 | 559, 565
1 | 0 | 0 | 0 | 599, 541
1 | 0 | 0 | 0 | 564, 558
1 | 0 | 0 | 0 | 571, 619
1 | 0 | 0 | 0 | 233, 261
1 | 0 | 0 | 0 | 834, 768
1 | 0 | 0 | 0 | 466, 494
1 | 0 | 0 | 0 | 561, 520
1 | 0 | 0 | 0 | 481, 503
1 | 0 | 0 | 0 | 765, 676
1 | 0 | 0 | 0 | 914, 890
1 | 0 | 0 | 0 | 578, 574
1 | 0 | 0 | 0 | 526, 465
1 | 0 | 0 | 0 | 697, 649
1 | 0 | 0 | 0 | 410, 349
1 | 0 | 0 | 0 | 533, 520
1 | 0 | 0 | 0 | 733, 694
1 | 0 | 0 | 0 | 608, 622
1 | 0 | 0 | 0 | 519, 538
1 | 0 | 0 | 0 | 619, 617
1 | 0 | 0 | 0 | 590, 615
1 | 0 | 0 | 0 | 540, 529
1 | 0 | 0 | 0 | 415, 415
1 | 0 | 0 | 0 | 741, 754
1 | 0 | 0 | 0 | 478, 460
1 | 0 | 0 | 0 | 510, 499
1 | 0 | 0 | 0 | 602, 509
1 | 0 | 0 | 0 | 446, 500
1 | 0 | 0 | 0 | 796, 720
1 | 0 | 0 | 0 | 601, 568
1 | 0 | 0 | 0 | 464, 457
1 | 0 | 0 | 0 | 731, 706
1 | 0 | 0 | 0 | 494, 491
1 | 0 | 0 | 0 | 404, 363
1 | 0 | 0 | 0 | 606, 652
1 | 0 | 0 | 0 | 541, 539
1 | 0 | 0 | 0 | 720, 697
86 | 187 | 101 | 29 | 187, 101
84 | 181 | 97 | 25 | 118, 72
1 | 0 | 0 | 0 | 468, 442
1 | 0 | 0 | 0 | 338, 361
1 | 0 | 0 | 0 | 473, 390
1 | 0 | 0 | 0 | 483, 457
1 | 0 | 0 | 0 | 534, 541
1 | 0 | 0 | 0 | 447, 374
1 | 0 | 0 | 0 | 599, 597
1 | 0 | 0 | 0 | 429, 456
1 | 0 | 0 | 0 | 516, 473
1 | 0 | 0 | 0 | 384, 361
1 | 0 | 0 | 0 | 659, 624
1 | 0 | 0 | 0 | 439, 482
1 | 0 | 0 | 0 | 607, 622
1 | 0 | 0 | 0 | 742, 693
1 | 0 | 0 | 0 | 275, 297
1 | 0 | 0 | 0 | 475, 477
1 | 0 | 0 | 0 | 439, 431
1 | 0 | 0 | 0 | 670, 636
1 | 0 | 0 | 0 | 496, 431
1 | 0 | 0 | 0 | 488, 499
1 | 0 | 0 | 0 | 491, 431
1 | 0 | 0 | 0 | 589, 511
1 | 0 | 0 | 0 | 539, 505
1 | 0 | 0 | 0 | 377, 436
1 | 0 | 0 | 0 | 707, 661
1 | 0 | 0 | 0 | 487, 405
1 | 0 | 0 | 0 | 650, 620
1 | 0 | 0 | 0 | 719, 674
1 | 0 | 0 | 0 | 647, 612
1 | 0 | 0 | 0 | 753, 757
31 | 132 | 101 | 53 | 132, 101
1 | 0 | 0 | 0 | 438, 444
1 | 0 | 0 | 0 | 489, 501
1 | 0 | 0 | 0 | 714, 610
1 | 0 | 0 | 0 | 786, 759
86 | 187 | 101 | 24 | 187, 101
1 | 0 | 0 | 0 | 612, 538
1 | 0 | 0 | 0 | 461, 379
1 | 0 | 0 | 0 | 697, 727
1 | 0 | 0 | 0 | 490, 465
1 | 0 | 0 | 0 | 405, 374
1 | 0 | 0 | 0 | 537, 465
1 | 0 | 0 | 0 | 618, 598
1 | 0 | 0 | 0 | 295, 336
1 | 0 | 0 | 0 | 636, 607
1 | 0 | 0 | 0 | 543, 520
1 | 0 | 0 | 0 | 666, 648
1 | 0 | 0 | 0 | 497, 483
1 | 0 | 0 | 0 | 777, 762
1 | 0 | 0 | 0 | 535, 574
1 | 0 | 0 | 0 | 568, 640
1 | 0 | 0 | 0 | 461, 491
1 | 0 | 0 | 0 | 607, 653
1 | 0 | 0 | 0 | 482, 419
1 | 0 | 0 | 0 | 686, 668
1 | 0 | 0 | 0 | 720, 719
1 | 0 | 0 | 0 | 627, 609
1 | 0 | 0 | 0 | 355, 404
1 | 0 | 0 | 0 | 503, 502
1 | 0 | 0 | 0 | 494, 513
1 | 0 | 0 | 0 | 687, 676
1 | 0 | 0 | 0 | 505, 549
1 | 0 | 0 | 0 | 625, 575
1 | 0 | 0 | 0 | 580, 645
1 | 0 | 0 | 0 | 499, 492
1 | 0 | 0 | 0 | 630, 560
1 | 0 | 0 | 0 | 387, 403
1 | 0 | 0 | 0 | 542, 502
1 | 0 | 0 | 0 | 484, 536
1 | 0 | 0 | 0 | 315, 326
1 | 0 | 0 | 0 | 245, 290
1 | 0 | 0 | 0 | 693, 681
1 | 0 | 0 | 0 | 555, 552
1 | 0 | 0 | 0 | 491, 441
1 | 0 | 0 | 0 | 703, 623
1 | 0 | 0 | 0 | 342, 382
1 | 0 | 0 | 0 | 387, 374
1 | 0 | 0 | 0 | 430, 414
1 | 0 | 0 | 0 | 563, 493
1 | 0 | 0 | 0 | 581, 529
1 | 0 | 0 | 0 | 728, 667
1 | 0 | 0 | 0 | 612, 632
1 | 0 | 0 | 0 | 630, 662
1 | 0 | 0 | 0 | 581, 577
1 | 0 | 0 | 0 | 494, 418
1 | 0 | 0 | 0 | 514, 543
1 | 0 | 0 | 0 | 652, 669
1 | 0 | 0 | 0 | 373, 381
1 | 0 | 0 | 0 | 387, 337
1 | 0 | 0 | 0 | 320, 278
1 | 0 | 0 | 0 | 461, 410
1 | 0 | 0 | 0 | 403, 396
1 | 0 | 0 | 0 | 377, 334
1 | 0 | 0 | 0 | 569, 512
1 | 0 | 0 | 0 | 441, 396
1 | 0 | 0 | 0 | 653, 701
1 | 0 | 0 | 0 | 529, 476
1 | 0 | 0 | 0 | 655, 647
1 | 0 | 0 | 0 | 525, 519
1 | 0 | 0 | 0 | 497, 447
1 | 0 | 0 | 0 | 469, 437
1 | 0 | 0 | 0 | 437, 455
1 | 0 | 0 | 0 | 339, 334
1 | 0 | 0 | 0 | 562, 508
1 | 0 | 0 | 0 | 717, 696
1 | 0 | 0 | 0 | 799, 807
1 | 0 | 0 | 0 | 497, 512
1 | 0 | 0 | 0 | 701, 737
1 | 0 | 0 | 0 | 594, 561
1 | 0 | 0 | 0 | 533, 515
1 | 0 | 0 | 0 | 752, 758
1 | 0 | 0 | 0 | 581, 628
1 | 0 | 0 | 0 | 465, 468
1 | 0 | 0 | 0 | 522, 492
1 | 0 | 0 | 0 | 435, 434
1 | 0 | 0 | 0 | 685, 621
1 | 0 | 0 | 0 | 394, 374
1 | 0 | 0 | 0 | 523, 474
1 | 0 | 0 | 0 | 444, 483
1 | 0 | 0 | 0 | 541, 553
1 | 0 | 0 | 0 | 735, 654
1 | 0 | 0 | 0 | 728, 711
1 | 0 | 0 | 0 | 593, 579
1 | 0 | 0 | 0 | 551, 558
1 | 0 | 0 | 0 | 536, 493
1 | 0 | 0 | 0 | 453, 414
1 | 0 | 0 | 0 | 486, 512
1 | 0 | 0 | 0 | 525, 559
1 | 0 | 0 | 0 | 617, 643
1 | 0 | 0 | 0 | 638, 595
1 | 0 | 0 | 0 | 763, 667
1 | 0 | 0 | 0 | 479, 484
1 | 0 | 0 | 0 | 666, 676
1 | 0 | 0 | 0 | 272, 313
1 | 0 | 0 | 0 | 461, 460
1 | 0 | 0 | 0 | 475, 488
1 | 0 | 0 | 0 | 485, 486
1 | 0 | 0 | 0 | 365, 284
1 | 0 | 0 | 0 | 342, 348
1 | 0 | 0 | 0 | 522, 449
1 | 0 | 0 | 0 | 488, 478
1 | 0 | 0 | 0 | 708, 723
1 | 0 | 0 | 0 | 531, 595
1 | 0 | 0 | 0 | 579, 639
1 | 0 | 0 | 0 | 549, 571
1 | 0 | 0 | 0 | 581, 553
1 | 0 | 0 | 0 | 665, 690
1 | 0 | 0 | 0 | 529, 477
1 | 0 | 0 | 0 | 624, 644
1 | 0 | 0 | 0 | 371, 407
1 | 0 | 0 | 0 | 309, 318
1 | 0 | 0 | 0 | 489, 458
1 | 0 | 0 | 0 | 736, 724
1 | 0 | 0 | 0 | 455, 472
1 | 0 | 0 | 0 | 384, 408
1 | 0 | 0 | 0 | 414, 388
1 | 0 | 0 | 0 | 369, 357
1 | 0 | 0 | 0 | 470, 457
1 | 0 | 0 | 0 | 655, 718
1 | 0 | 0 | 0 | 532, 506
1 | 0 | 0 | 0 | 626, 635
1 | 0 | 0 | 0 | 441, 441
1 | 0 | 0 | 0 | 498, 453
1 | 0 | 0 | 0 | 473, 427
1 | 0 | 0 | 0 | 618, 535
1 | 0 | 0 | 0 | 452, 446
1 | 0 | 0 | 0 | 630, 659
1 | 0 | 0 | 0 | 495, 419
1 | 0 | 0 | 0 | 464, 416
1 | 0 | 0 | 0 | 392, 381
1 | 0 | 0 | 0 | 613, 663
1 | 0 | 0 | 0 | 522, 532
1 | 0 | 0 | 0 | 544, 556
1 | 0 | 0 | 0 | 522, 485
1 | 0 | 0 | 0 | 694, 679
1 | 0 | 0 | 0 | 415, 440
1 | 0 | 0 | 0 | 652, 708
1 | 0 | 0 | 0 | 711, 685
1 | 0 | 0 | 0 | 602, 589
1 | 0 | 0 | 0 | 582, 529
1 | 0 | 0 | 0 | 542, 593
1 | 0 | 0 | 0 | 436, 444
1 | 0 | 0 | 0 | 570, 646
1 | 0 | 0 | 0 | 688, 637
1 | 0 | 0 | 0 | 671, 641
1 | 0 | 0 | 0 | 507, 480
1 | 0 | 0 | 0 | 663, 645
1 | 0 | 0 | 0 | 455, 523
1 | 0 | 0 | 0 | 404, 427
1 | 0 | 0 | 0 | 556, 578
1 | 0 | 0 | 0 | 511, 594
1 | 0 | 0 | 0 | 515, 525
1 | 0 | 0 | 0 | 638, 673
1 | 0 | 0 | 0 | 415, 447
1 | 0 | 0 | 0 | 663, 622
1 | 0 | 0 | 0 | 619, 593
1 | 0 | 0 | 0 | 518, 510
1 | 0 | 0 | 0 | 388, 412
1 | 0 | 0 | 0 | 567, 551
1 | 0 | 0 | 0 | 545, 509
1 | 0 | 0 | 0 | 618, 635
1 | 0 | 0 | 0 | 563, 546
1 | 0 | 0 | 0 | 631, 673
1 | 0 | 0 | 0 | 335, 333
1 | 0 | 0 | 0 | 689, 654
1 | 0 | 0 | 0 | 580, 590
1 | 0 | 0 | 0 | 521, 559
1 | 0 | 0 | 0 | 720, 696
1 | 0 | 0 | 0 | 508, 574
1 | 0 | 0 | 0 | 647, 589
1 | 0 | 0 | 0 | 410, 447
1 | 0 | 0 | 0 | 591, 607
1 | 0 | 0 | 0 | 459, 469
1 | 0 | 0 | 0 | 454, 453
1 | 0 | 0 | 0 | 655, 654
1 | 0 | 0 | 0 | 471, 409
1 | 0 | 0 | 0 | 454, 537
1 | 0 | 0 | 0 | 377, 351
1 | 0 | 0 | 0 | 477, 532
1 | 0 | 0 | 0 | 574, 543
1 | 0 | 0 | 0 | 629, 567
1 | 0 | 0 | 0 | 548, 525
1 | 0 | 0 | 0 | 699, 653
1 | 0 | 0 | 0 | 570, 558
1 | 0 | 0 | 0 | 550, 495
1 | 0 | 0 | 0 | 579, 661
1 | 0 | 0 | 0 | 573, 543
1 | 0 | 0 | 0 | 426, 487
1 | 0 | 0 | 0 | 356, 370
1 | 0 | 0 | 0 | 581, 549
1 | 0 | 0 | 0 | 603, 597
1 | 0 | 0 | 0 | 651, 619
1 | 0 | 0 | 0 | 602, 531
1 | 0 | 0 | 0 | 474, 446
1 | 0 | 0 | 0 | 433, 422
1 | 0 | 0 | 0 | 491, 496
1 | 0 | 0 | 0 | 507, 403
1 | 0 | 0 | 0 | 653, 598
1 | 0 | 0 | 0 | 499, 494
1 | 0 | 0 | 0 | 522, 471
1 | 0 | 0 | 0 | 589, 616
1 | 0 | 0 | 0 | 486, 455
1 | 0 | 0 | 0 | 530, 581
1 | 0 | 0 | 0 | 540, 495
1 | 0 | 0 | 0 | 444, 503
1 | 0 | 0 | 0 | 529, 485
1 | 0 | 0 | 0 | 584, 570
1 | 0 | 0 | 0 | 556, 539
86 | 187 | 101 | 14 | 181, 97
1 | 0 | 0 | 0 | 646, 628
1 | 0 | 0 | 0 | 372, 311
1 | 0 | 0 | 0 | 576, 586
1 | 0 | 0 | 0 | 481, 430
1 | 0 | 0 | 0 | 304, 270
1 | 0 | 0 | 0 | 546, 591
1 | 0 | 0 | 0 | 389, 392
1 | 0 | 0 | 0 | 497, 431
1 | 0 | 0 | 0 | 411, 481
1 | 0 | 0 | 0 | 460, 403
1 | 0 | 0 | 0 | 647, 591
1 | 0 | 0 | 0 | 400, 368
1 | 0 | 0 | 0 | 463, 443
1 | 0 | 0 | 0 | 806, 792
1 | 0 | 0 | 0 | 680, 629
1 | 0 | 0 | 0 | 398, 385
1 | 0 | 0 | 0 | 682, 653
1 | 0 | 0 | 0 | 603, 602
1 | 0 | 0 | 0 | 389, 410
1 | 0 | 0 | 0 | 467, 442
1 | 0 | 0 | 0 | 624, 671
1 | 0 | 0 | 0 | 531, 560
1 | 0 | 0 | 0 | 457, 489
1 | 0 | 0 | 0 | 388, 417
1 | 0 | 0 | 0 | 573, 660
1 | 0 | 0 | 0 | 569, 565
1 | 0 | 0 | 0 | 675, 667
1 | 0 | 0 | 0 | 602, 573
1 | 0 | 0 | 0 | 435, 386
1 | 0 | 0 | 0 | 504, 431
1 | 0 | 0 | 0 | 605, 560
1 | 0 | 0 | 0 | 636, 625
1 | 0 | 0 | 0 | 689, 681
1 | 0 | 0 | 0 | 726, 771
1 | 0 | 0 | 0 | 643, 679
1 | 0 | 0 | 0 | 692, 722
1 | 0 | 0 | 0 | 752, 711
1 | 0 | 0 | 0 | 402, 412
1 | 0 | 0 | 0 | 645, 658
1 | 0 | 0 | 0 | 444, 464
1 | 0 | 0 | 0 | 489, 565
1 | 0 | 0 | 0 | 381, 391
1 | 0 | 0 | 0 | 416, 430
1 | 0 | 0 | 0 | 343, 374
1 | 0 | 0 | 0 | 437, 453
1 | 0 | 0 | 0 | 677, 690
1 | 0 | 0 | 0 | 490, 516
1 | 0 | 0 | 0 | 579, 501
1 | 0 | 0 | 0 | 635, 604
1 | 0 | 0 | 0 | 585, 559
1 | 0 | 0 | 0 | 360, 324
1 | 0 | 0 | 0 | 571, 549
1 | 0 | 0 | 0 | 433, 451
1 | 0 | 0 | 0 | 641, 607
1 | 0 | 0 | 0 | 556, 544
1 | 0 | 0 | 0 | 402, 370
1 | 0 | 0 | 0 | 498, 499
1 | 0 | 0 | 0 | 423, 362
1 | 0 | 0 | 0 | 544, 568
1 | 0 | 0 | 0 | 566, 577
1 | 0 | 0 | 0 | 443, 379
1 | 0 | 0 | 0 | 670, 599
1 | 0 | 0 | 0 | 569, 552
1 | 0 | 0 | 0 | 569, 585
1 | 0 | 0 | 0 | 427, 466
1 | 0 | 0 | 0 | 485, 473
1 | 0 | 0 | 0 | 326, 309
1 | 0 | 0 | 0 | 458, 437
1 | 0 | 0 | 0 | 493, 579
1 | 0 | 0 | 0 | 558, 508
1 | 0 | 0 | 0 | 516, 537
1 | 0 | 0 | 0 | 458, 468
1 | 0 | 0 | 0 | 537, 588
1 | 0 | 0 | 0 | 578, 622
1 | 0 | 0 | 0 | 383, 371
1 | 0 | 0 | 0 | 584, 537
1 | 0 | 0 | 0 | 589, 564
1 | 0 | 0 | 0 | 424, 383
1 | 0 | 0 | 0 | 699, 665
1 | 0 | 0 | 0 | 407, 365
1 | 0 | 0 | 0 | 592, 595
1 | 0 | 0 | 0 | 451, 436
1 | 0 | 0 | 0 | 543, 497
1 | 0 | 0 | 0 | 595, 611
1 | 0 | 0 | 0 | 486, 540
1 | 0 | 0 | 0 | 654, 611
1 | 0 | 0 | 0 | 648, 614
1 | 0 | 0 | 0 | 355, 355
1 | 0 | 0 | 0 | 644, 628
1 | 0 | 0 | 0 | 314, 382
1 | 0 | 0 | 0 | 418, 395
1 | 0 | 0 | 0 | 480, 487
1 | 0 | 0 | 0 | 626, 599
1 | 0 | 0 | 0 | 532, 627
1 | 0 | 0 | 0 | 493, 570
1 | 0 | 0 | 0 | 576, 577
1 | 0 | 0 | 0 | 405, 459
1 | 0 | 0 | 0 | 613, 576
1 | 0 | 0 | 0 | 677, 735
1 | 0 | 0 | 0 | 594, 659
1 | 0 | 0 | 0 | 521, 550
1 | 0 | 0 | 0 | 437, 452
1 | 0 | 0 | 0 | 678, 619
1 | 0 | 0 | 0 | 539, 505
1 | 0 | 0 | 0 | 340, 312
1 | 0 | 0 | 0 | 731, 746
1 | 0 | 0 | 0 | 575, 542
1 | 0 | 0 | 0 | 509, 519
1 | 0 | 0 | 0 | 560, 578
1 | 0 | 0 | 0 | 667, 662
1 | 0 | 0 | 0 | 410, 371
1 | 0 | 0 | 0 | 539, 502
1 | 0 | 0 | 0 | 442, 451
84 | 181 | 97 | 14 | 86, 46
1 | 0 | 0 | 0 | 657, 623
1 | 0 | 0 | 0 | 591, 627
1 | 0 | 0 | 0 | 594, 584
1 | 0 | 0 | 0 | 430, 507
1 | 0 | 0 | 0 | 522, 555
1 | 0 | 0 | 0 | 655, 703
1 | 0 | 0 | 0 | 408, 349
1 | 0 | 0 | 0 | 477, 528
1 | 0 | 0 | 0 | 586, 505
1 | 0 | 0 | 0 | 481, 453
1 | 0 | 0 | 0 | 432, 408
1 | 0 | 0 | 0 | 582, 558
1 | 0 | 0 | 0 | 375, 359
1 | 0 | 0 | 0 | 768, 750
1 | 0 | 0 | 0 | 562, 636
1 | 0 | 0 | 0 | 385, 447
1 | 0 | 0 | 0 | 427, 410
1 | 0 | 0 | 0 | 379, 438
1 | 0 | 0 | 0 | 690, 704
1 | 0 | 0 | 0 | 595, 597
1 | 0 | 0 | 0 | 544, 526
1 | 0 | 0 | 0 | 554, 575
1 | 0 | 0 | 0 | 708, 721
1 | 0 | 0 | 0 | 595, 664
1 | 0 | 0 | 0 | 593, 533
2 | 97 | 95 | 96 | 427, 359
76 | 175 | 99 | 51 | 157, 96
1 | 0 | 0 | 0 | 675, 603
1 | 0 | 0 | 0 | 510, 494
1 | 0 | 0 | 0 | 783, 755
1 | 0 | 0 | 0 | 639, 638
1 | 0 | 0 | 0 | 774, 748
1 | 0 | 0 | 0 | 743, 651
1 | 0 | 0 | 0 | 485, 478
1 | 0 | 0 | 0 | 757, 734
1 | 0 | 0 | 0 | 582, 642
1 | 0 | 0 | 0 | 448, 435
1 | 0 | 0 | 0 | 686, 660
1 | 0 | 0 | 0 | 599, 609
1 | 0 | 0 | 0 | 593, 546
1 | 0 | 0 | 0 | 408, 462
1 | 0 | 0 | 0 | 474, 510
1 | 0 | 0 | 0 | 472, 469
1 | 0 | 0 | 0 | 465, 481
1 | 0 | 0 | 0 | 372, 357
1 | 0 | 0 | 0 | 518, 496
1 | 0 | 0 | 0 | 615, 568
1 | 0 | 0 | 0 | 790, 781
1 | 0 | 0 | 0 | 627, 647
1 | 0 | 0 | 0 | 714, 713
1 | 0 | 0 | 0 | 621, 571
1 | 0 | 0 | 0 | 552, 581
1 | 0 | 0 | 0 | 725, 692
1 | 0 | 0 | 0 | 523, 558
1 | 0 | 0 | 0 | 514, 478
1 | 0 | 0 | 0 | 509, 501
1 | 0 | 0 | 0 | 574, 564
1 | 0 | 0 | 0 | 606, 608
1 | 0 | 0 | 0 | 354, 384
1 | 0 | 0 | 0 | 631, 636
1 | 0 | 0 | 0 | 799, 799
1 | 0 | 0 | 0 | 459, 435
1 | 0 | 0 | 0 | 317, 372
1 | 0 | 0 | 0 | 579, 552
1 | 0 | 0 | 0 | 737, 759
1 | 0 | 0 | 0 | 511, 522
1 | 0 | 0 | 0 | 676, 666
1 | 0 | 0 | 0 | 570, 615
1 | 0 | 0 | 0 | 725, 620
1 | 0 | 0 | 0 | 629, 613
1 | 0 | 0 | 0 | 547, 554
1 | 0 | 0 | 0 | 278, 261
1 | 0 | 0 | 0 | 525, 521
1 | 0 | 0 | 0 | 527, 455
1 | 0 | 0 | 0 | 361, 371
1 | 0 | 0 | 0 | 507, 584
1 | 0 | 0 | 0 | 571, 580
1 | 0 | 0 | 0 | 617, 613
1 | 0 | 0 | 0 | 694, 679
1 | 0 | 0 | 0 | 554, 556
1 | 0 | 0 | 0 | 458, 444
1 | 0 | 0 | 0 | 681, 661
1 | 0 | 0 | 0 | 638, 637
1 | 0 | 0 | 0 | 558, 572
1 | 0 | 0 | 0 | 579, 516
1 | 0 | 0 | 0 | 547, 590
1 | 0 | 0 | 0 | 536, 469
1 | 0 | 0 | 0 | 392, 399
1 | 0 | 0 | 0 | 493, 481
1 | 0 | 0 | 0 | 677, 633
1 | 0 | 0 | 0 | 283, 316
1 | 0 | 0 | 0 | 596, 575
1 | 0 | 0 | 0 | 534, 589
1 | 0 | 0 | 0 | 565, 511
1 | 0 | 0 | 0 | 473, 439
1 | 0 | 0 | 0 | 619, 645
1 | 0 | 0 | 0 | 563, 565
1 | 0 | 0 | 0 | 390, 315
1 | 0 | 0 | 0 | 338, 357
1 | 0 | 0 | 0 | 612, 591
1 | 0 | 0 | 0 | 553, 548
1 | 0 | 0 | 0 | 568, 510
1 | 0 | 0 | 0 | 424, 470
1 | 0 | 0 | 0 | 509, 527
1 | 0 | 0 | 0 | 547, 521
1 | 0 | 0 | 0 | 669, 647
1 | 0 | 0 | 0 | 556, 499
1 | 0 | 0 | 0 | 481, 563
1 | 0 | 0 | 0 | 447, 428
1 | 0 | 0 | 0 | 638, 580
1 | 0 | 0 | 0 | 632, 540
1 | 0 | 0 | 0 | 335, 350
1 | 0 | 0 | 0 | 775, 768
1 | 0 | 0 | 0 | 560, 562
1 | 0 | 0 | 0 | 532, 593
1 | 0 | 0 | 0 | 551, 498
1 | 0 | 0 | 0 | 523, 539
1 | 0 | 0 | 0 | 502, 538
1 | 0 | 0 | 0 | 464, 491
1 | 0 | 0 | 0 | 467, 513
1 | 0 | 0 | 0 | 635, 638
1 | 0 | 0 | 0 | 769, 763
1 | 0 | 0 | 0 | 619, 613
1 | 0 | 0 | 0 | 497, 477
1 | 0 | 0 | 0 | 559, 567
1 | 0 | 0 | 0 | 662, 603
1 | 0 | 0 | 0 | 383, 434
1 | 0 | 0 | 0 | 440, 473
1 | 0 | 0 | 0 | 537, 565
1 | 0 | 0 | 0 | 779, 709
1 | 0 | 0 | 0 | 572, 517
1 | 0 | 0 | 0 | 636, 608
1 | 0 | 0 | 0 | 438, 381
1 | 0 | 0 | 0 | 629, 659
1 | 0 | 0 | 0 | 491, 516
1 | 0 | 0 | 0 | 696, 652
1 | 0 | 0 | 0 | 686, 609
1 | 0 | 0 | 0 | 575, 589
1 | 0 | 0 | 0 | 375, 420
1 | 0 | 0 | 0 | 546, 530
1 | 0 | 0 | 0 | 658, 670
1 | 0 | 0 | 0 | 537, 476
1 | 0 | 0 | 0 | 377, 449
1 | 0 | 0 | 0 | 394, 399
1 | 0 | 0 | 0 | 643, 598
1 | 0 | 0 | 0 | 392, 436
1 | 0 | 0 | 0 | 461, 458
1 | 0 | 0 | 0 | 533, 498
1 | 0 | 0 | 0 | 474, 488
1 | 0 | 0 | 0 | 649, 621
1 | 0 | 0 | 0 | 480, 517
1 | 0 | 0 | 0 | 670, 619
1 | 0 | 0 | 0 | 502, 547
84 | 181 | 97 | 99 | 181, 97
1 | 0 | 0 | 0 | 538, 556
1 | 0 | 0 | 0 | 660, 616
1 | 0 | 0 | 0 | 507, 539
1 | 0 | 0 | 0 | 511, 574
1 | 0 | 0 | 0 | 353, 362
54 | 153 | 99 | 54 | 153, 99
1 | 0 | 0 | 0 | 449, 428
1 | 0 | 0 | 0 | 606, 613
1 | 0 | 0 | 0 | 480, 495
1 | 0 | 0 | 0 | 640, 589
1 | 0 | 0 | 0 | 683, 647
1 | 0 | 0 | 0 | 692, 661
1 | 0 | 0 | 0 | 468, 523
1 | 0 | 0 | 0 | 587, 520
1 | 0 | 0 | 0 | 550, 614
1 | 0 | 0 | 0 | 484, 487
1 | 0 | 0 | 0 | 560, 490
1 | 0 | 0 | 0 | 480, 452
1 | 0 | 0 | 0 | 739, 670
1 | 0 | 0 | 0 | 622, 678
1 | 0 | 0 | 0 | 384, 370
1 | 0 | 0 | 0 | 598, 582
1 | 0 | 0 | 0 | 710, 729
1 | 0 | 0 | 0 | 578, 583
1 | 0 | 0 | 0 | 505, 524
1 | 0 | 0 | 0 | 593, 549
1 | 0 | 0 | 0 | 710, 754
2 | 52 | 50 | 98 | 263, 277
1 | 0 | 0 | 0 | 469, 488
1 | 0 | 0 | 0 | 604, 622
1 | 0 | 0 | 0 | 385, 369
1 | 0 | 0 | 0 | 572, 645
1 | 0 | 0 | 0 | 556, 554
1 | 0 | 0 | 0 | 814, 804
1 | 0 | 0 | 0 | 292, 351
1 | 0 | 0 | 0 | 425, 429
1 | 0 | 0 | 0 | 691, 688
1 | 0 | 0 | 0 | 414, 415
1 | 0 | 0 | 0 | 481, 499
1 | 0 | 0 | 0 | 430, 448
1 | 0 | 0 | 0 | 655, 665
1 | 0 | 0 | 0 | 743, 717
1 | 0 | 0 | 0 | 518, 532
1 | 0 | 0 | 0 | 495, 456
1 | 0 | 0 | 0 | 683, 621
1 | 0 | 0 | 0 | 500, 465
1 | 0 | 0 | 0 | 623, 628
1 | 0 | 0 | 0 | 463, 491
1 | 0 | 0 | 0 | 388, 426
1 | 0 | 0 | 0 | 488, 472
1 | 0 | 0 | 0 | 433, 399
1 | 0 | 0 | 0 | 653, 542
1 | 0 | 0 | 0 | 333, 351
1 | 0 | 0 | 0 | 547, 599
1 | 0 | 0 | 0 | 513, 589
1 | 0 | 0 | 0 | 700, 614
1 | 0 | 0 | 0 | 370, 361
1 | 0 | 0 | 0 | 507, 507
1 | 0 | 0 | 0 | 624, 617
1 | 0 | 0 | 0 | 576, 614
1 | 0 | 0 | 0 | 545, 532
1 | 0 | 0 | 0 | 531, 543
1 | 0 | 0 | 0 | 506, 470
1 | 0 | 0 | 0 | 647, 616
1 | 0 | 0 | 0 | 629, 665
1 | 0 | 0 | 0 | 813, 830
1 | 0 | 0 | 0 | 426, 411
1 | 0 | 0 | 0 | 369, 355
1 | 0 | 0 | 0 | 478, 467
1 | 0 | 0 | 0 | 328, 356
1 | 0 | 0 | 0 | 404, 396
1 | 0 | 0 | 0 | 627, 630
1 | 0 | 0 | 0 | 560, 567
1 | 0 | 0 | 0 | 567, 520
1 | 0 | 0 | 0 | 631, 677
1 | 0 | 0 | 0 | 802, 760
1 | 0 | 0 | 0 | 665, 590
1 | 0 | 0 | 0 | 539, 532
1 | 0 | 0 | 0 | 569, 541
1 | 0 | 0 | 0 | 622, 624
1 | 0 | 0 | 0 | 487, 484
1 | 0 | 0 | 0 | 780, 751
1 | 0 | 0 | 0 | 584, 518
1 | 0 | 0 | 0 | 395, 449
1 | 0 | 0 | 0 | 622, 637
1 | 0 | 0 | 0 | 659, 616
1 | 0 | 0 | 0 | 624, 598
1 | 0 | 0 | 0 | 500, 522
1 | 0 | 0 | 0 | 627, 587
1 | 0 | 0 | 0 | 532, 482
1 | 0 | 0 | 0 | 736, 782
1 | 0 | 0 | 0 | 509, 497
1 | 0 | 0 | 0 | 544, 525
1 | 0 | 0 | 0 | 627, 679
1 | 0 | 0 | 0 | 511, 468
1 | 0 | 0 | 0 | 490, 493
1 | 0 | 0 | 0 | 792, 768
1 | 0 | 0 | 0 | 522, 509
1 | 0 | 0 | 0 | 530, 517
1 | 0 | 0 | 0 | 658, 700
1 | 0 | 0 | 0 | 488, 476
1 | 0 | 0 | 0 | 580, 575
1 | 0 | 0 | 0 | 598, 572
1 | 0 | 0 | 0 | 489, 471
1 | 0 | 0 | 0 | 448, 434
1 | 0 | 0 | 0 | 510, 456
63 | 139 | 76 | 29 | 159, 100
1 | 0 | 0 | 0 | 632, 661
1 | 0 | 0 | 0 | 497, 521
1 | 0 | 0 | 0 | 430, 455
1 | 0 | 0 | 0 | 555, 516
1 | 0 | 0 | 0 | 554, 575
1 | 0 | 0 | 0 | 453, 475
1 | 0 | 0 | 0 | 478, 536
1 | 0 | 0 | 0 | 637, 613
1 | 0 | 0 | 0 | 525, 464
1 | 0 | 0 | 0 | 650, 665
1 | 0 | 0 | 0 | 349, 343
1 | 0 | 0 | 0 | 425, 469
1 | 0 | 0 | 0 | 564, 612
1 | 0 | 0 | 0 | 540, 508
1 | 0 | 0 | 0 | 492, 458
1 | 0 | 0 | 0 | 848, 806
1 | 0 | 0 | 0 | 354, 323
1 | 0 | 0 | 0 | 582, 573
1 | 0 | 0 | 0 | 419, 442
1 | 0 | 0 | 0 | 623, 610
1 | 0 | 0 | 0 | 534, 537
1 | 0 | 0 | 0 | 529, 523
1 | 0 | 0 | 0 | 488, 461
1 | 0 | 0 | 0 | 577, 488
1 | 0 | 0 | 0 | 639, 600
1 | 0 | 0 | 0 | 529, 530
1 | 0 | 0 | 0 | 473, 448
1 | 0 | 0 | 0 | 497, 487
1 | 0 | 0 | 0 | 362, 394
1 | 0 | 0 | 0 | 610, 599
1 | 0 | 0 | 0 | 467, 498
1 | 0 | 0 | 0 | 363, 314
1 | 0 | 0 | 0 | 563, 491
1 | 0 | 0 | 0 | 566, 552
1 | 0 | 0 | 0 | 646, 661
1 | 0 | 0 | 0 | 393, 361
1 | 0 | 0 | 0 | 372, 383
1 | 0 | 0 | 0 | 454, 483
1 | 0 | 0 | 0 | 454, 436
1 | 0 | 0 | 0 | 561, 576
1 | 0 | 0 | 0 | 692, 699
1 | 0 | 0 | 0 | 524, 475
1 | 0 | 0 | 0 | 641, 645
1 | 0 | 0 | 0 | 474, 485
1 | 0 | 0 | 0 | 518, 522
1 | 0 | 0 | 0 | 598, 596
1 | 0 | 0 | 0 | 408, 441
1 | 0 | 0 | 0 | 549, 491
1 | 0 | 0 | 0 | 386, 367
1 | 0 | 0 | 0 | 416, 424
