Resultados com fitness sendo Soma dos Valores
1 | 0 | 0 | 0 | 530, 525
1 | 0 | 0 | 0 | 595, 570
1 | 0 | 0 | 0 | 575, 522
1 | 0 | 0 | 0 | 479, 545
1 | 0 | 0 | 0 | 668, 661
1 | 0 | 0 | 0 | 500, 440
1 | 0 | 0 | 0 | 662, 661
1 | 0 | 0 | 0 | 646, 658
1 | 0 | 0 | 0 | 567, 549
1 | 0 | 0 | 0 | 542, 525
1 | 0 | 0 | 0 | 451, 550
1 | 0 | 0 | 0 | 319, 396
1 | 0 | 0 | 0 | 410, 333
1 | 0 | 0 | 0 | 486, 490
1 | 0 | 0 | 0 | 419, 378
1 | 0 | 0 | 0 | 511, 458
1 | 0 | 0 | 0 | 802, 796
1 | 0 | 0 | 0 | 746, 749
1 | 0 | 0 | 0 | 610, 560
1 | 0 | 0 | 0 | 691, 653
1 | 0 | 0 | 0 | 372, 347
1 | 0 | 0 | 0 | 358, 415
1 | 0 | 0 | 0 | 675, 664
1 | 0 | 0 | 0 | 542, 567
1 | 0 | 0 | 0 | 325, 372
1 | 0 | 0 | 0 | 527, 572
1 | 0 | 0 | 0 | 548, 593
1 | 0 | 0 | 0 | 495, 481
1 | 0 | 0 | 0 | 423, 392
1 | 0 | 0 | 0 | 630, 589
1 | 0 | 0 | 0 | 505, 466
1 | 0 | 0 | 0 | 625, 554
1 | 0 | 0 | 0 | 488, 528
1 | 0 | 0 | 0 | 595, 513
1 | 0 | 0 | 0 | 423, 491
1 | 0 | 0 | 0 | 545, 502
1 | 0 | 0 | 0 | 608, 577
1 | 0 | 0 | 0 | 587, 544
1 | 0 | 0 | 0 | 692, 618
1 | 0 | 0 | 0 | 753, 771
1 | 0 | 0 | 0 | 571, 614
1 | 0 | 0 | 0 | 644, 649
1 | 0 | 0 | 0 | 380, 417
1 | 0 | 0 | 0 | 523, 472
1 | 0 | 0 | 0 | 747, 758
1 | 0 | 0 | 0 | 486, 415
1 | 0 | 0 | 0 | 594, 619
1 | 0 | 0 | 0 | 476, 536
1 | 0 | 0 | 0 | 677, 682
1 | 0 | 0 | 0 | 246, 280
1 | 0 | 0 | 0 | 366, 342
1 | 0 | 0 | 0 | 581, 545
1 | 0 | 0 | 0 | 484, 495
1 | 0 | 0 | 0 | 554, 542
1 | 0 | 0 | 0 | 409, 426
1 | 0 | 0 | 0 | 633, 616
1 | 0 | 0 | 0 | 556, 578
1 | 0 | 0 | 0 | 560, 651
1 | 0 | 0 | 0 | 533, 578
1 | 0 | 0 | 0 | 484, 552
1 | 0 | 0 | 0 | 658, 623
1 | 0 | 0 | 0 | 762, 753
1 | 0 | 0 | 0 | 546, 553
1 | 0 | 0 | 0 | 363, 347
1 | 0 | 0 | 0 | 613, 655
1 | 0 | 0 | 0 | 433, 439
1 | 0 | 0 | 0 | 570, 586
1 | 0 | 0 | 0 | 679, 694
1 | 0 | 0 | 0 | 537, 521
1 | 0 | 0 | 0 | 422, 415
1 | 0 | 0 | 0 | 418, 489
1 | 0 | 0 | 0 | 603, 595
1 | 0 | 0 | 0 | 625, 599
1 | 0 | 0 | 0 | 710, 723
1 | 0 | 0 | 0 | 489, 409
1 | 0 | 0 | 0 | 581, 555
1 | 0 | 0 | 0 | 454, 459
1 | 0 | 0 | 0 | 580, 579
1 | 0 | 0 | 0 | 439, 493
1 | 0 | 0 | 0 | 558, 514
1 | 0 | 0 | 0 | 495, 570
1 | 0 | 0 | 0 | 528, 564
1 | 0 | 0 | 0 | 710, 677
1 | 0 | 0 | 0 | 487, 400
1 | 0 | 0 | 0 | 478, 482
1 | 0 | 0 | 0 | 394, 365
1 | 0 | 0 | 0 | 527, 564
1 | 0 | 0 | 0 | 459, 468
1 | 0 | 0 | 0 | 598, 589
1 | 0 | 0 | 0 | 609, 541
1 | 0 | 0 | 0 | 470, 472
1 | 0 | 0 | 0 | 615, 594
1 | 0 | 0 | 0 | 547, 487
1 | 0 | 0 | 0 | 602, 587
1 | 0 | 0 | 0 | 555, 541
1 | 0 | 0 | 0 | 571, 557
1 | 0 | 0 | 0 | 752, 701
1 | 0 | 0 | 0 | 740, 723
1 | 0 | 0 | 0 | 701, 754
1 | 0 | 0 | 0 | 483, 503
1 | 0 | 0 | 0 | 519, 506
1 | 0 | 0 | 0 | 713, 710
1 | 0 | 0 | 0 | 628, 687
1 | 0 | 0 | 0 | 559, 581
1 | 0 | 0 | 0 | 319, 355
1 | 0 | 0 | 0 | 697, 625
1 | 0 | 0 | 0 | 598, 575
1 | 0 | 0 | 0 | 565, 598
1 | 0 | 0 | 0 | 582, 512
1 | 0 | 0 | 0 | 421, 397
1 | 0 | 0 | 0 | 668, 647
1 | 0 | 0 | 0 | 556, 508
1 | 0 | 0 | 0 | 580, 505
1 | 0 | 0 | 0 | 772, 771
1 | 0 | 0 | 0 | 600, 595
1 | 0 | 0 | 0 | 653, 683
1 | 0 | 0 | 0 | 507, 520
1 | 0 | 0 | 0 | 397, 452
1 | 0 | 0 | 0 | 574, 543
1 | 0 | 0 | 0 | 611, 564
1 | 0 | 0 | 0 | 639, 640
1 | 0 | 0 | 0 | 541, 573
1 | 0 | 0 | 0 | 738, 733
1 | 0 | 0 | 0 | 628, 618
1 | 0 | 0 | 0 | 650, 653
1 | 0 | 0 | 0 | 702, 685
1 | 0 | 0 | 0 | 596, 553
1 | 0 | 0 | 0 | 680, 670
1 | 0 | 0 | 0 | 722, 689
1 | 0 | 0 | 0 | 644, 687
1 | 0 | 0 | 0 | 667, 671
1 | 0 | 0 | 0 | 657, 666
1 | 0 | 0 | 0 | 669, 678
1 | 0 | 0 | 0 | 407, 402
1 | 0 | 0 | 0 | 592, 575
1 | 0 | 0 | 0 | 536, 498
1 | 0 | 0 | 0 | 593, 515
1 | 0 | 0 | 0 | 460, 488
1 | 0 | 0 | 0 | 510, 536
1 | 0 | 0 | 0 | 575, 529
1 | 0 | 0 | 0 | 633, 615
1 | 0 | 0 | 0 | 492, 469
1 | 0 | 0 | 0 | 359, 334
1 | 0 | 0 | 0 | 478, 561
1 | 0 | 0 | 0 | 403, 398
1 | 0 | 0 | 0 | 723, 660
1 | 0 | 0 | 0 | 612, 630
1 | 0 | 0 | 0 | 485, 412
1 | 0 | 0 | 0 | 459, 525
1 | 0 | 0 | 0 | 378, 396
1 | 0 | 0 | 0 | 484, 467
1 | 0 | 0 | 0 | 657, 640
1 | 0 | 0 | 0 | 584, 592
1 | 0 | 0 | 0 | 392, 375
1 | 0 | 0 | 0 | 508, 552
1 | 0 | 0 | 0 | 633, 571
1 | 0 | 0 | 0 | 639, 647
1 | 0 | 0 | 0 | 511, 534
1 | 0 | 0 | 0 | 583, 558
1 | 0 | 0 | 0 | 594, 549
1 | 0 | 0 | 0 | 593, 561
1 | 0 | 0 | 0 | 836, 747
1 | 0 | 0 | 0 | 583, 584
1 | 0 | 0 | 0 | 608, 650
1 | 0 | 0 | 0 | 569, 558
1 | 0 | 0 | 0 | 659, 671
1 | 0 | 0 | 0 | 312, 364
1 | 0 | 0 | 0 | 388, 382
1 | 0 | 0 | 0 | 809, 755
1 | 0 | 0 | 0 | 418, 481
1 | 0 | 0 | 0 | 510, 481
1 | 0 | 0 | 0 | 504, 491
1 | 0 | 0 | 0 | 438, 419
1 | 0 | 0 | 0 | 728, 731
1 | 0 | 0 | 0 | 772, 770
1 | 0 | 0 | 0 | 592, 565
1 | 0 | 0 | 0 | 469, 419
1 | 0 | 0 | 0 | 569, 582
1 | 0 | 0 | 0 | 449, 415
1 | 0 | 0 | 0 | 660, 585
1 | 0 | 0 | 0 | 654, 641
1 | 0 | 0 | 0 | 655, 630
1 | 0 | 0 | 0 | 510, 551
1 | 0 | 0 | 0 | 519, 480
1 | 0 | 0 | 0 | 335, 374
1 | 0 | 0 | 0 | 678, 679
1 | 0 | 0 | 0 | 465, 433
1 | 0 | 0 | 0 | 547, 548
1 | 0 | 0 | 0 | 488, 415
1 | 0 | 0 | 0 | 517, 462
1 | 0 | 0 | 0 | 357, 331
1 | 0 | 0 | 0 | 504, 496
1 | 0 | 0 | 0 | 363, 399
1 | 0 | 0 | 0 | 628, 632
1 | 0 | 0 | 0 | 702, 707
1 | 0 | 0 | 0 | 730, 722
1 | 0 | 0 | 0 | 536, 473
1 | 0 | 0 | 0 | 743, 723
1 | 0 | 0 | 0 | 564, 545
1 | 0 | 0 | 0 | 699, 699
1 | 0 | 0 | 0 | 491, 470
1 | 0 | 0 | 0 | 527, 500
1 | 0 | 0 | 0 | 761, 724
1 | 0 | 0 | 0 | 436, 455
1 | 0 | 0 | 0 | 750, 716
1 | 0 | 0 | 0 | 719, 673
1 | 0 | 0 | 0 | 382, 417
1 | 0 | 0 | 0 | 414, 386
1 | 0 | 0 | 0 | 694, 659
1 | 0 | 0 | 0 | 600, 586
1 | 0 | 0 | 0 | 584, 573
1 | 0 | 0 | 0 | 487, 483
1 | 0 | 0 | 0 | 731, 742
1 | 0 | 0 | 0 | 606, 618
1 | 0 | 0 | 0 | 577, 495
1 | 0 | 0 | 0 | 721, 700
1 | 0 | 0 | 0 | 387, 463
1 | 0 | 0 | 0 | 548, 496
1 | 0 | 0 | 0 | 536, 572
1 | 0 | 0 | 0 | 523, 540
1 | 0 | 0 | 0 | 416, 462
1 | 0 | 0 | 0 | 605, 519
1 | 0 | 0 | 0 | 722, 660
1 | 0 | 0 | 0 | 629, 601
1 | 0 | 0 | 0 | 492, 459
1 | 0 | 0 | 0 | 554, 508
1 | 0 | 0 | 0 | 598, 487
1 | 0 | 0 | 0 | 504, 466
1 | 0 | 0 | 0 | 548, 558
1 | 0 | 0 | 0 | 437, 496
1 | 0 | 0 | 0 | 546, 548
1 | 0 | 0 | 0 | 652, 656
1 | 0 | 0 | 0 | 382, 312
1 | 0 | 0 | 0 | 627, 648
1 | 0 | 0 | 0 | 861, 799
148 | 148 | 100 | 85 | 132, 101
1 | 0 | 0 | 0 | 395, 350
1 | 0 | 0 | 0 | 711, 661
1 | 0 | 0 | 0 | 445, 402
1 | 0 | 0 | 0 | 469, 427
1 | 0 | 0 | 0 | 451, 493
1 | 0 | 0 | 0 | 671, 632
1 | 0 | 0 | 0 | 718, 670
1 | 0 | 0 | 0 | 496, 474
1 | 0 | 0 | 0 | 671, 652
1 | 0 | 0 | 0 | 552, 544
1 | 0 | 0 | 0 | 798, 789
1 | 0 | 0 | 0 | 319, 308
1 | 0 | 0 | 0 | 584, 594
1 | 0 | 0 | 0 | 516, 563
1 | 0 | 0 | 0 | 771, 703
1 | 0 | 0 | 0 | 487, 446
1 | 0 | 0 | 0 | 570, 543
1 | 0 | 0 | 0 | 694, 640
133 | 133 | 94 | 0 | 133, 94
1 | 0 | 0 | 0 | 654, 590
1 | 0 | 0 | 0 | 416, 371
1 | 0 | 0 | 0 | 404, 415
1 | 0 | 0 | 0 | 641, 666
1 | 0 | 0 | 0 | 551, 540
1 | 0 | 0 | 0 | 618, 622
1 | 0 | 0 | 0 | 676, 679
1 | 0 | 0 | 0 | 480, 463
1 | 0 | 0 | 0 | 501, 459
1 | 0 | 0 | 0 | 555, 489
1 | 0 | 0 | 0 | 584, 576
1 | 0 | 0 | 0 | 426, 354
1 | 0 | 0 | 0 | 561, 574
1 | 0 | 0 | 0 | 418, 448
1 | 0 | 0 | 0 | 451, 495
1 | 0 | 0 | 0 | 533, 489
1 | 0 | 0 | 0 | 655, 579
1 | 0 | 0 | 0 | 489, 487
1 | 0 | 0 | 0 | 629, 635
1 | 0 | 0 | 0 | 500, 558
1 | 0 | 0 | 0 | 621, 654
1 | 0 | 0 | 0 | 535, 485
1 | 0 | 0 | 0 | 523, 587
1 | 0 | 0 | 0 | 428, 447
1 | 0 | 0 | 0 | 694, 681
1 | 0 | 0 | 0 | 658, 653
1 | 0 | 0 | 0 | 716, 740
1 | 0 | 0 | 0 | 723, 716
1 | 0 | 0 | 0 | 562, 553
1 | 0 | 0 | 0 | 430, 469
1 | 0 | 0 | 0 | 670, 599
1 | 0 | 0 | 0 | 594, 536
1 | 0 | 0 | 0 | 309, 279
1 | 0 | 0 | 0 | 622, 581
1 | 0 | 0 | 0 | 586, 571
1 | 0 | 0 | 0 | 365, 354
1 | 0 | 0 | 0 | 403, 440
1 | 0 | 0 | 0 | 569, 622
1 | 0 | 0 | 0 | 446, 427
1 | 0 | 0 | 0 | 600, 624
1 | 0 | 0 | 0 | 796, 738
1 | 0 | 0 | 0 | 454, 518
1 | 0 | 0 | 0 | 393, 425
1 | 0 | 0 | 0 | 303, 317
1 | 0 | 0 | 0 | 579, 602
1 | 0 | 0 | 0 | 532, 526
1 | 0 | 0 | 0 | 571, 537
1 | 0 | 0 | 0 | 386, 352
1 | 0 | 0 | 0 | 305, 300
1 | 0 | 0 | 0 | 444, 463
1 | 0 | 0 | 0 | 933, 923
1 | 0 | 0 | 0 | 573, 546
1 | 0 | 0 | 0 | 490, 460
1 | 0 | 0 | 0 | 476, 417
1 | 0 | 0 | 0 | 523, 534
1 | 0 | 0 | 0 | 461, 415
1 | 0 | 0 | 0 | 663, 657
1 | 0 | 0 | 0 | 547, 571
1 | 0 | 0 | 0 | 426, 503
1 | 0 | 0 | 0 | 472, 418
1 | 0 | 0 | 0 | 554, 522
1 | 0 | 0 | 0 | 386, 318
1 | 0 | 0 | 0 | 702, 619
1 | 0 | 0 | 0 | 430, 450
1 | 0 | 0 | 0 | 606, 606
1 | 0 | 0 | 0 | 597, 587
1 | 0 | 0 | 0 | 478, 518
1 | 0 | 0 | 0 | 534, 532
1 | 0 | 0 | 0 | 703, 677
1 | 0 | 0 | 0 | 251, 319
1 | 0 | 0 | 0 | 297, 333
1 | 0 | 0 | 0 | 673, 631
1 | 0 | 0 | 0 | 506, 538
1 | 0 | 0 | 0 | 612, 538
1 | 0 | 0 | 0 | 776, 738
1 | 0 | 0 | 0 | 646, 579
1 | 0 | 0 | 0 | 573, 572
1 | 0 | 0 | 0 | 302, 324
1 | 0 | 0 | 0 | 343, 403
1 | 0 | 0 | 0 | 673, 596
1 | 0 | 0 | 0 | 660, 642
1 | 0 | 0 | 0 | 380, 415
123 | 123 | 100 | 88 | 123, 100
1 | 0 | 0 | 0 | 432, 371
1 | 0 | 0 | 0 | 541, 509
1 | 0 | 0 | 0 | 639, 620
1 | 0 | 0 | 0 | 831, 773
1 | 0 | 0 | 0 | 535, 531
1 | 0 | 0 | 0 | 668, 694
1 | 0 | 0 | 0 | 479, 446
1 | 0 | 0 | 0 | 513, 580
1 | 0 | 0 | 0 | 686, 690
1 | 0 | 0 | 0 | 548, 570
1 | 0 | 0 | 0 | 466, 566
1 | 0 | 0 | 0 | 627, 520
1 | 0 | 0 | 0 | 589, 566
1 | 0 | 0 | 0 | 458, 431
1 | 0 | 0 | 0 | 524, 483
1 | 0 | 0 | 0 | 543, 590
1 | 0 | 0 | 0 | 317, 310
1 | 0 | 0 | 0 | 768, 745
1 | 0 | 0 | 0 | 729, 726
1 | 0 | 0 | 0 | 478, 515
1 | 0 | 0 | 0 | 653, 708
1 | 0 | 0 | 0 | 384, 359
1 | 0 | 0 | 0 | 584, 591
1 | 0 | 0 | 0 | 795, 814
1 | 0 | 0 | 0 | 692, 642
1 | 0 | 0 | 0 | 644, 622
1 | 0 | 0 | 0 | 507, 464
1 | 0 | 0 | 0 | 742, 675
1 | 0 | 0 | 0 | 578, 525
1 | 0 | 0 | 0 | 781, 751
1 | 0 | 0 | 0 | 531, 556
1 | 0 | 0 | 0 | 500, 468
1 | 0 | 0 | 0 | 398, 446
1 | 0 | 0 | 0 | 713, 690
1 | 0 | 0 | 0 | 665, 694
1 | 0 | 0 | 0 | 513, 500
1 | 0 | 0 | 0 | 663, 747
1 | 0 | 0 | 0 | 578, 541
1 | 0 | 0 | 0 | 608, 563
1 | 0 | 0 | 0 | 679, 637
1 | 0 | 0 | 0 | 474, 482
1 | 0 | 0 | 0 | 800, 811
1 | 0 | 0 | 0 | 618, 578
1 | 0 | 0 | 0 | 457, 462
1 | 0 | 0 | 0 | 510, 488
1 | 0 | 0 | 0 | 646, 646
1 | 0 | 0 | 0 | 682, 690
1 | 0 | 0 | 0 | 491, 508
1 | 0 | 0 | 0 | 700, 732
1 | 0 | 0 | 0 | 410, 366
1 | 0 | 0 | 0 | 627, 627
1 | 0 | 0 | 0 | 609, 578
1 | 0 | 0 | 0 | 627, 623
1 | 0 | 0 | 0 | 493, 409
1 | 0 | 0 | 0 | 552, 544
1 | 0 | 0 | 0 | 532, 624
1 | 0 | 0 | 0 | 503, 494
1 | 0 | 0 | 0 | 537, 595
1 | 0 | 0 | 0 | 616, 677
1 | 0 | 0 | 0 | 611, 629
1 | 0 | 0 | 0 | 592, 607
1 | 0 | 0 | 0 | 457, 426
1 | 0 | 0 | 0 | 598, 573
1 | 0 | 0 | 0 | 455, 437
1 | 0 | 0 | 0 | 420, 380
1 | 0 | 0 | 0 | 640, 625
1 | 0 | 0 | 0 | 596, 521
1 | 0 | 0 | 0 | 535, 543
1 | 0 | 0 | 0 | 344, 380
1 | 0 | 0 | 0 | 740, 746
1 | 0 | 0 | 0 | 352, 326
1 | 0 | 0 | 0 | 539, 476
1 | 0 | 0 | 0 | 593, 517
1 | 0 | 0 | 0 | 484, 430
1 | 0 | 0 | 0 | 724, 678
1 | 0 | 0 | 0 | 594, 622
1 | 0 | 0 | 0 | 458, 482
1 | 0 | 0 | 0 | 522, 495
1 | 0 | 0 | 0 | 686, 645
1 | 0 | 0 | 0 | 470, 474
1 | 0 | 0 | 0 | 330, 342
1 | 0 | 0 | 0 | 584, 614
1 | 0 | 0 | 0 | 390, 349
1 | 0 | 0 | 0 | 644, 596
1 | 0 | 0 | 0 | 556, 507
1 | 0 | 0 | 0 | 441, 493
1 | 0 | 0 | 0 | 559, 508
1 | 0 | 0 | 0 | 641, 603
1 | 0 | 0 | 0 | 590, 568
1 | 0 | 0 | 0 | 545, 543
1 | 0 | 0 | 0 | 475, 482
1 | 0 | 0 | 0 | 690, 620
1 | 0 | 0 | 0 | 640, 614
1 | 0 | 0 | 0 | 771, 766
1 | 0 | 0 | 0 | 662, 623
1 | 0 | 0 | 0 | 572, 545
1 | 0 | 0 | 0 | 835, 819
1 | 0 | 0 | 0 | 553, 556
1 | 0 | 0 | 0 | 493, 428
1 | 0 | 0 | 0 | 505, 493
1 | 0 | 0 | 0 | 407, 351
1 | 0 | 0 | 0 | 647, 612
1 | 0 | 0 | 0 | 413, 443
1 | 0 | 0 | 0 | 480, 470
1 | 0 | 0 | 0 | 456, 399
1 | 0 | 0 | 0 | 515, 498
1 | 0 | 0 | 0 | 541, 519
1 | 0 | 0 | 0 | 510, 510
1 | 0 | 0 | 0 | 437, 503
1 | 0 | 0 | 0 | 571, 495
1 | 0 | 0 | 0 | 519, 484
1 | 0 | 0 | 0 | 653, 684
1 | 0 | 0 | 0 | 828, 776
1 | 0 | 0 | 0 | 706, 685
1 | 0 | 0 | 0 | 385, 446
1 | 0 | 0 | 0 | 561, 610
1 | 0 | 0 | 0 | 366, 362
1 | 0 | 0 | 0 | 581, 604
1 | 0 | 0 | 0 | 597, 551
1 | 0 | 0 | 0 | 597, 611
1 | 0 | 0 | 0 | 678, 670
1 | 0 | 0 | 0 | 545, 498
1 | 0 | 0 | 0 | 555, 535
1 | 0 | 0 | 0 | 672, 647
1 | 0 | 0 | 0 | 764, 779
1 | 0 | 0 | 0 | 572, 517
1 | 0 | 0 | 0 | 609, 600
1 | 0 | 0 | 0 | 526, 478
1 | 0 | 0 | 0 | 466, 541
1 | 0 | 0 | 0 | 474, 492
1 | 0 | 0 | 0 | 458, 428
1 | 0 | 0 | 0 | 574, 535
1 | 0 | 0 | 0 | 423, 422
1 | 0 | 0 | 0 | 610, 540
1 | 0 | 0 | 0 | 660, 721
1 | 0 | 0 | 0 | 471, 489
1 | 0 | 0 | 0 | 532, 547
1 | 0 | 0 | 0 | 434, 408
1 | 0 | 0 | 0 | 541, 476
1 | 0 | 0 | 0 | 559, 567
1 | 0 | 0 | 0 | 493, 532
1 | 0 | 0 | 0 | 642, 632
1 | 0 | 0 | 0 | 699, 657
1 | 0 | 0 | 0 | 635, 570
1 | 0 | 0 | 0 | 522, 515
1 | 0 | 0 | 0 | 458, 489
1 | 0 | 0 | 0 | 738, 659
1 | 0 | 0 | 0 | 519, 508
1 | 0 | 0 | 0 | 483, 495
1 | 0 | 0 | 0 | 356, 371
1 | 0 | 0 | 0 | 534, 504
1 | 0 | 0 | 0 | 850, 832
1 | 0 | 0 | 0 | 501, 501
1 | 0 | 0 | 0 | 434, 454
1 | 0 | 0 | 0 | 640, 630
1 | 0 | 0 | 0 | 525, 532
1 | 0 | 0 | 0 | 450, 448
1 | 0 | 0 | 0 | 398, 343
1 | 0 | 0 | 0 | 692, 672
1 | 0 | 0 | 0 | 693, 676
1 | 0 | 0 | 0 | 357, 415
1 | 0 | 0 | 0 | 502, 571
110 | 110 | 99 | 26 | 110, 99
1 | 0 | 0 | 0 | 342, 369
1 | 0 | 0 | 0 | 656, 620
1 | 0 | 0 | 0 | 367, 414
1 | 0 | 0 | 0 | 573, 563
1 | 0 | 0 | 0 | 301, 269
1 | 0 | 0 | 0 | 633, 625
1 | 0 | 0 | 0 | 494, 487
1 | 0 | 0 | 0 | 789, 805
1 | 0 | 0 | 0 | 712, 760
1 | 0 | 0 | 0 | 393, 448
1 | 0 | 0 | 0 | 590, 539
1 | 0 | 0 | 0 | 444, 419
1 | 0 | 0 | 0 | 651, 591
1 | 0 | 0 | 0 | 674, 662
1 | 0 | 0 | 0 | 782, 697
1 | 0 | 0 | 0 | 508, 503
1 | 0 | 0 | 0 | 650, 590
1 | 0 | 0 | 0 | 337, 382
1 | 0 | 0 | 0 | 565, 606
1 | 0 | 0 | 0 | 701, 676
1 | 0 | 0 | 0 | 710, 658
1 | 0 | 0 | 0 | 314, 349
1 | 0 | 0 | 0 | 739, 783
1 | 0 | 0 | 0 | 217, 235
1 | 0 | 0 | 0 | 693, 625
1 | 0 | 0 | 0 | 622, 649
1 | 0 | 0 | 0 | 619, 551
1 | 0 | 0 | 0 | 541, 546
1 | 0 | 0 | 0 | 663, 577
1 | 0 | 0 | 0 | 404, 356
1 | 0 | 0 | 0 | 636, 662
1 | 0 | 0 | 0 | 704, 692
1 | 0 | 0 | 0 | 602, 561
1 | 0 | 0 | 0 | 696, 699
1 | 0 | 0 | 0 | 524, 478
1 | 0 | 0 | 0 | 529, 498
110 | 110 | 98 | 22 | 110, 98
1 | 0 | 0 | 0 | 763, 750
1 | 0 | 0 | 0 | 574, 553
1 | 0 | 0 | 0 | 609, 654
1 | 0 | 0 | 0 | 658, 659
1 | 0 | 0 | 0 | 374, 443
1 | 0 | 0 | 0 | 480, 517
1 | 0 | 0 | 0 | 480, 495
1 | 0 | 0 | 0 | 701, 642
1 | 0 | 0 | 0 | 510, 516
1 | 0 | 0 | 0 | 544, 545
1 | 0 | 0 | 0 | 537, 572
1 | 0 | 0 | 0 | 561, 550
1 | 0 | 0 | 0 | 464, 505
1 | 0 | 0 | 0 | 655, 635
1 | 0 | 0 | 0 | 589, 571
1 | 0 | 0 | 0 | 582, 587
1 | 0 | 0 | 0 | 347, 377
1 | 0 | 0 | 0 | 438, 447
1 | 0 | 0 | 0 | 431, 456
1 | 0 | 0 | 0 | 514, 505
1 | 0 | 0 | 0 | 571, 614
1 | 0 | 0 | 0 | 577, 542
1 | 0 | 0 | 0 | 680, 660
1 | 0 | 0 | 0 | 459, 510
1 | 0 | 0 | 0 | 434, 458
1 | 0 | 0 | 0 | 562, 563
1 | 0 | 0 | 0 | 336, 344
1 | 0 | 0 | 0 | 421, 415
1 | 0 | 0 | 0 | 316, 309
1 | 0 | 0 | 0 | 639, 583
1 | 0 | 0 | 0 | 328, 327
1 | 0 | 0 | 0 | 482, 475
1 | 0 | 0 | 0 | 497, 482
1 | 0 | 0 | 0 | 382, 471
1 | 0 | 0 | 0 | 476, 463
1 | 0 | 0 | 0 | 287, 272
1 | 0 | 0 | 0 | 493, 459
1 | 0 | 0 | 0 | 365, 410
1 | 0 | 0 | 0 | 327, 374
1 | 0 | 0 | 0 | 485, 487
1 | 0 | 0 | 0 | 445, 400
1 | 0 | 0 | 0 | 612, 582
1 | 0 | 0 | 0 | 590, 580
1 | 0 | 0 | 0 | 751, 768
1 | 0 | 0 | 0 | 366, 387
1 | 0 | 0 | 0 | 516, 514
1 | 0 | 0 | 0 | 423, 357
1 | 0 | 0 | 0 | 509, 488
1 | 0 | 0 | 0 | 457, 438
1 | 0 | 0 | 0 | 416, 469
1 | 0 | 0 | 0 | 781, 755
1 | 0 | 0 | 0 | 550, 507
1 | 0 | 0 | 0 | 652, 688
132 | 132 | 100 | 79 | 132, 100
1 | 0 | 0 | 0 | 440, 408
1 | 0 | 0 | 0 | 445, 510
1 | 0 | 0 | 0 | 731, 709
1 | 0 | 0 | 0 | 597, 563
1 | 0 | 0 | 0 | 589, 638
1 | 0 | 0 | 0 | 592, 574
1 | 0 | 0 | 0 | 548, 530
1 | 0 | 0 | 0 | 318, 229
1 | 0 | 0 | 0 | 641, 622
1 | 0 | 0 | 0 | 688, 665
1 | 0 | 0 | 0 | 663, 603
1 | 0 | 0 | 0 | 524, 453
1 | 0 | 0 | 0 | 518, 463
1 | 0 | 0 | 0 | 465, 438
1 | 0 | 0 | 0 | 608, 573
1 | 0 | 0 | 0 | 412, 423
1 | 0 | 0 | 0 | 521, 573
1 | 0 | 0 | 0 | 603, 518
1 | 0 | 0 | 0 | 490, 497
1 | 0 | 0 | 0 | 625, 597
1 | 0 | 0 | 0 | 351, 370
1 | 0 | 0 | 0 | 664, 644
1 | 0 | 0 | 0 | 631, 627
1 | 0 | 0 | 0 | 633, 640
1 | 0 | 0 | 0 | 750, 712
1 | 0 | 0 | 0 | 642, 668
1 | 0 | 0 | 0 | 341, 408
1 | 0 | 0 | 0 | 351, 315
1 | 0 | 0 | 0 | 640, 588
1 | 0 | 0 | 0 | 691, 702
1 | 0 | 0 | 0 | 611, 514
1 | 0 | 0 | 0 | 431, 488
1 | 0 | 0 | 0 | 510, 488
123 | 123 | 100 | 75 | 123, 100
1 | 0 | 0 | 0 | 664, 649
1 | 0 | 0 | 0 | 633, 574
1 | 0 | 0 | 0 | 523, 565
1 | 0 | 0 | 0 | 658, 670
1 | 0 | 0 | 0 | 611, 642
1 | 0 | 0 | 0 | 491, 513
1 | 0 | 0 | 0 | 810, 778
1 | 0 | 0 | 0 | 468, 416
1 | 0 | 0 | 0 | 731, 727
1 | 0 | 0 | 0 | 640, 670
1 | 0 | 0 | 0 | 550, 485
1 | 0 | 0 | 0 | 424, 373
1 | 0 | 0 | 0 | 492, 546
1 | 0 | 0 | 0 | 336, 324
1 | 0 | 0 | 0 | 358, 354
1 | 0 | 0 | 0 | 435, 375
1 | 0 | 0 | 0 | 663, 711
1 | 0 | 0 | 0 | 633, 612
1 | 0 | 0 | 0 | 631, 618
1 | 0 | 0 | 0 | 654, 636
1 | 0 | 0 | 0 | 596, 574
1 | 0 | 0 | 0 | 768, 694
1 | 0 | 0 | 0 | 403, 366
1 | 0 | 0 | 0 | 615, 681
1 | 0 | 0 | 0 | 409, 345
1 | 0 | 0 | 0 | 669, 674
1 | 0 | 0 | 0 | 463, 492
1 | 0 | 0 | 0 | 587, 549
1 | 0 | 0 | 0 | 577, 661
1 | 0 | 0 | 0 | 656, 620
1 | 0 | 0 | 0 | 570, 528
1 | 0 | 0 | 0 | 655, 577
1 | 0 | 0 | 0 | 534, 542
1 | 0 | 0 | 0 | 454, 451
1 | 0 | 0 | 0 | 433, 384
1 | 0 | 0 | 0 | 594, 584
1 | 0 | 0 | 0 | 686, 734
1 | 0 | 0 | 0 | 577, 622
1 | 0 | 0 | 0 | 454, 493
1 | 0 | 0 | 0 | 461, 478
1 | 0 | 0 | 0 | 706, 677
1 | 0 | 0 | 0 | 582, 545
1 | 0 | 0 | 0 | 424, 438
1 | 0 | 0 | 0 | 571, 565
1 | 0 | 0 | 0 | 700, 648
1 | 0 | 0 | 0 | 450, 459
1 | 0 | 0 | 0 | 739, 756
1 | 0 | 0 | 0 | 642, 611
1 | 0 | 0 | 0 | 673, 602
1 | 0 | 0 | 0 | 484, 510
1 | 0 | 0 | 0 | 391, 336
1 | 0 | 0 | 0 | 517, 515
1 | 0 | 0 | 0 | 430, 437
1 | 0 | 0 | 0 | 531, 500
1 | 0 | 0 | 0 | 724, 728
1 | 0 | 0 | 0 | 381, 357
1 | 0 | 0 | 0 | 346, 378
1 | 0 | 0 | 0 | 579, 521
1 | 0 | 0 | 0 | 479, 456
1 | 0 | 0 | 0 | 348, 323
1 | 0 | 0 | 0 | 630, 624
1 | 0 | 0 | 0 | 515, 547
1 | 0 | 0 | 0 | 526, 507
1 | 0 | 0 | 0 | 577, 559
1 | 0 | 0 | 0 | 612, 570
1 | 0 | 0 | 0 | 777, 711
1 | 0 | 0 | 0 | 709, 716
1 | 0 | 0 | 0 | 618, 564
1 | 0 | 0 | 0 | 587, 588
1 | 0 | 0 | 0 | 730, 781
1 | 0 | 0 | 0 | 561, 484
1 | 0 | 0 | 0 | 775, 743
1 | 0 | 0 | 0 | 707, 676
1 | 0 | 0 | 0 | 719, 668
1 | 0 | 0 | 0 | 365, 415
1 | 0 | 0 | 0 | 451, 506
1 | 0 | 0 | 0 | 617, 573
1 | 0 | 0 | 0 | 485, 429
1 | 0 | 0 | 0 | 444, 359
1 | 0 | 0 | 0 | 411, 417
1 | 0 | 0 | 0 | 533, 519
1 | 0 | 0 | 0 | 637, 690
1 | 0 | 0 | 0 | 517, 499
1 | 0 | 0 | 0 | 525, 560
1 | 0 | 0 | 0 | 345, 353
1 | 0 | 0 | 0 | 676, 672
1 | 0 | 0 | 0 | 459, 409
1 | 0 | 0 | 0 | 475, 471
1 | 0 | 0 | 0 | 534, 577
1 | 0 | 0 | 0 | 477, 502
1 | 0 | 0 | 0 | 571, 554
1 | 0 | 0 | 0 | 459, 492
1 | 0 | 0 | 0 | 517, 460
1 | 0 | 0 | 0 | 403, 410
1 | 0 | 0 | 0 | 567, 531
1 | 0 | 0 | 0 | 613, 636
1 | 0 | 0 | 0 | 500, 525
1 | 0 | 0 | 0 | 470, 546
1 | 0 | 0 | 0 | 535, 521
1 | 0 | 0 | 0 | 394, 447
1 | 0 | 0 | 0 | 669, 638
1 | 0 | 0 | 0 | 573, 572
1 | 0 | 0 | 0 | 742, 729
1 | 0 | 0 | 0 | 572, 589
1 | 0 | 0 | 0 | 627, 564
1 | 0 | 0 | 0 | 579, 654
1 | 0 | 0 | 0 | 256, 262
1 | 0 | 0 | 0 | 634, 647
1 | 0 | 0 | 0 | 408, 386
1 | 0 | 0 | 0 | 472, 526
1 | 0 | 0 | 0 | 384, 366
1 | 0 | 0 | 0 | 554, 609
1 | 0 | 0 | 0 | 521, 525
1 | 0 | 0 | 0 | 608, 643
1 | 0 | 0 | 0 | 400, 386
1 | 0 | 0 | 0 | 535, 515
1 | 0 | 0 | 0 | 617, 597
1 | 0 | 0 | 0 | 572, 596
1 | 0 | 0 | 0 | 341, 353
1 | 0 | 0 | 0 | 434, 444
1 | 0 | 0 | 0 | 410, 438
1 | 0 | 0 | 0 | 451, 470
1 | 0 | 0 | 0 | 567, 507
1 | 0 | 0 | 0 | 656, 612
1 | 0 | 0 | 0 | 791, 728
114 | 114 | 96 | 83 | 114, 96
1 | 0 | 0 | 0 | 515, 567
1 | 0 | 0 | 0 | 472, 441
1 | 0 | 0 | 0 | 747, 668
1 | 0 | 0 | 0 | 669, 700
1 | 0 | 0 | 0 | 451, 522
1 | 0 | 0 | 0 | 399, 371
1 | 0 | 0 | 0 | 635, 557
1 | 0 | 0 | 0 | 522, 489
1 | 0 | 0 | 0 | 381, 401
1 | 0 | 0 | 0 | 341, 375
1 | 0 | 0 | 0 | 399, 389
1 | 0 | 0 | 0 | 428, 450
1 | 0 | 0 | 0 | 627, 572
1 | 0 | 0 | 0 | 508, 568
1 | 0 | 0 | 0 | 498, 457
1 | 0 | 0 | 0 | 575, 661
1 | 0 | 0 | 0 | 619, 597
1 | 0 | 0 | 0 | 892, 873
1 | 0 | 0 | 0 | 482, 482
1 | 0 | 0 | 0 | 410, 458
1 | 0 | 0 | 0 | 636, 562
1 | 0 | 0 | 0 | 629, 631
1 | 0 | 0 | 0 | 399, 425
1 | 0 | 0 | 0 | 575, 600
1 | 0 | 0 | 0 | 496, 549
1 | 0 | 0 | 0 | 653, 647
1 | 0 | 0 | 0 | 665, 674
1 | 0 | 0 | 0 | 541, 532
1 | 0 | 0 | 0 | 513, 545
1 | 0 | 0 | 0 | 673, 700
1 | 0 | 0 | 0 | 269, 326
1 | 0 | 0 | 0 | 494, 435
1 | 0 | 0 | 0 | 567, 626
1 | 0 | 0 | 0 | 743, 699
1 | 0 | 0 | 0 | 444, 442
1 | 0 | 0 | 0 | 465, 468
1 | 0 | 0 | 0 | 693, 671
1 | 0 | 0 | 0 | 609, 635
1 | 0 | 0 | 0 | 715, 694
1 | 0 | 0 | 0 | 654, 593
1 | 0 | 0 | 0 | 707, 689
1 | 0 | 0 | 0 | 297, 294
1 | 0 | 0 | 0 | 550, 525
1 | 0 | 0 | 0 | 623, 660
1 | 0 | 0 | 0 | 442, 449
1 | 0 | 0 | 0 | 410, 375
1 | 0 | 0 | 0 | 725, 715
1 | 0 | 0 | 0 | 721, 756
1 | 0 | 0 | 0 | 291, 375
1 | 0 | 0 | 0 | 725, 754
1 | 0 | 0 | 0 | 568, 466
1 | 0 | 0 | 0 | 392, 406
1 | 0 | 0 | 0 | 607, 612
1 | 0 | 0 | 0 | 737, 748
1 | 0 | 0 | 0 | 643, 654
1 | 0 | 0 | 0 | 652, 590
1 | 0 | 0 | 0 | 655, 649
1 | 0 | 0 | 0 | 552, 456
1 | 0 | 0 | 0 | 598, 542
1 | 0 | 0 | 0 | 639, 605
1 | 0 | 0 | 0 | 445, 490
1 | 0 | 0 | 0 | 720, 732
1 | 0 | 0 | 0 | 415, 398
1 | 0 | 0 | 0 | 432, 452
1 | 0 | 0 | 0 | 392, 398
1 | 0 | 0 | 0 | 649, 607
1 | 0 | 0 | 0 | 615, 612
1 | 0 | 0 | 0 | 636, 671
1 | 0 | 0 | 0 | 381, 381
1 | 0 | 0 | 0 | 480, 570
1 | 0 | 0 | 0 | 490, 504
1 | 0 | 0 | 0 | 447, 448
1 | 0 | 0 | 0 | 643, 683
1 | 0 | 0 | 0 | 570, 537
1 | 0 | 0 | 0 | 595, 526
1 | 0 | 0 | 0 | 437, 341
1 | 0 | 0 | 0 | 548, 522
118 | 118 | 90 | 66 | 118, 90
1 | 0 | 0 | 0 | 550, 521
1 | 0 | 0 | 0 | 545, 525
1 | 0 | 0 | 0 | 291, 317
1 | 0 | 0 | 0 | 410, 378
1 | 0 | 0 | 0 | 387, 334
1 | 0 | 0 | 0 | 723, 741
1 | 0 | 0 | 0 | 632, 605
1 | 0 | 0 | 0 | 552, 558
1 | 0 | 0 | 0 | 515, 565
1 | 0 | 0 | 0 | 594, 644
1 | 0 | 0 | 0 | 476, 513
1 | 0 | 0 | 0 | 532, 573
1 | 0 | 0 | 0 | 627, 576
1 | 0 | 0 | 0 | 443, 437
1 | 0 | 0 | 0 | 718, 717
1 | 0 | 0 | 0 | 622, 566
1 | 0 | 0 | 0 | 558, 568
1 | 0 | 0 | 0 | 673, 665
1 | 0 | 0 | 0 | 645, 626
1 | 0 | 0 | 0 | 539, 517
1 | 0 | 0 | 0 | 743, 713
1 | 0 | 0 | 0 | 441, 454
1 | 0 | 0 | 0 | 580, 607
1 | 0 | 0 | 0 | 695, 702
1 | 0 | 0 | 0 | 541, 509
1 | 0 | 0 | 0 | 534, 558
1 | 0 | 0 | 0 | 581, 569
1 | 0 | 0 | 0 | 474, 472
1 | 0 | 0 | 0 | 504, 522
1 | 0 | 0 | 0 | 452, 424
1 | 0 | 0 | 0 | 348, 414
1 | 0 | 0 | 0 | 461, 408
1 | 0 | 0 | 0 | 360, 423
1 | 0 | 0 | 0 | 438, 399
1 | 0 | 0 | 0 | 396, 396
1 | 0 | 0 | 0 | 362, 345
1 | 0 | 0 | 0 | 417, 468
1 | 0 | 0 | 0 | 384, 356
1 | 0 | 0 | 0 | 672, 673
1 | 0 | 0 | 0 | 460, 502
1 | 0 | 0 | 0 | 521, 549
1 | 0 | 0 | 0 | 683, 652
1 | 0 | 0 | 0 | 402, 454
1 | 0 | 0 | 0 | 553, 493
1 | 0 | 0 | 0 | 406, 406
1 | 0 | 0 | 0 | 766, 805
1 | 0 | 0 | 0 | 843, 842
1 | 0 | 0 | 0 | 508, 487
1 | 0 | 0 | 0 | 478, 520
1 | 0 | 0 | 0 | 469, 508
1 | 0 | 0 | 0 | 535, 481
1 | 0 | 0 | 0 | 641, 716
1 | 0 | 0 | 0 | 689, 627
1 | 0 | 0 | 0 | 474, 492
1 | 0 | 0 | 0 | 236, 278
1 | 0 | 0 | 0 | 403, 431
1 | 0 | 0 | 0 | 636, 623
1 | 0 | 0 | 0 | 622, 665
1 | 0 | 0 | 0 | 559, 515
1 | 0 | 0 | 0 | 502, 488
1 | 0 | 0 | 0 | 672, 641
110 | 110 | 98 | 79 | 92, 95
120 | 120 | 93 | 6 | 96, 93
1 | 0 | 0 | 0 | 266, 287
1 | 0 | 0 | 0 | 572, 552
1 | 0 | 0 | 0 | 667, 630
1 | 0 | 0 | 0 | 643, 601
1 | 0 | 0 | 0 | 622, 653
1 | 0 | 0 | 0 | 669, 639
1 | 0 | 0 | 0 | 548, 598
1 | 0 | 0 | 0 | 596, 640
1 | 0 | 0 | 0 | 580, 574
138 | 138 | 96 | 4 | 130, 95
1 | 0 | 0 | 0 | 665, 719
1 | 0 | 0 | 0 | 586, 537
1 | 0 | 0 | 0 | 541, 611
1 | 0 | 0 | 0 | 535, 591
1 | 0 | 0 | 0 | 593, 538
1 | 0 | 0 | 0 | 506, 503
1 | 0 | 0 | 0 | 319, 279
1 | 0 | 0 | 0 | 765, 727
1 | 0 | 0 | 0 | 672, 664
1 | 0 | 0 | 0 | 390, 421
1 | 0 | 0 | 0 | 499, 569
1 | 0 | 0 | 0 | 717, 716
1 | 0 | 0 | 0 | 497, 441
1 | 0 | 0 | 0 | 634, 567
1 | 0 | 0 | 0 | 492, 497
1 | 0 | 0 | 0 | 676, 767
1 | 0 | 0 | 0 | 489, 520
114 | 114 | 87 | 95 | 114, 87
1 | 0 | 0 | 0 | 581, 595
1 | 0 | 0 | 0 | 449, 420
1 | 0 | 0 | 0 | 791, 738
1 | 0 | 0 | 0 | 424, 389
1 | 0 | 0 | 0 | 387, 429
1 | 0 | 0 | 0 | 371, 367
1 | 0 | 0 | 0 | 522, 439
1 | 0 | 0 | 0 | 317, 306
1 | 0 | 0 | 0 | 457, 396
1 | 0 | 0 | 0 | 482, 485
1 | 0 | 0 | 0 | 663, 631
1 | 0 | 0 | 0 | 602, 586
1 | 0 | 0 | 0 | 587, 609
1 | 0 | 0 | 0 | 663, 578
1 | 0 | 0 | 0 | 426, 393
1 | 0 | 0 | 0 | 661, 618
1 | 0 | 0 | 0 | 379, 440
1 | 0 | 0 | 0 | 601, 603
1 | 0 | 0 | 0 | 701, 706
1 | 0 | 0 | 0 | 790, 727
1 | 0 | 0 | 0 | 319, 321
1 | 0 | 0 | 0 | 759, 716
1 | 0 | 0 | 0 | 731, 714
1 | 0 | 0 | 0 | 529, 484
1 | 0 | 0 | 0 | 495, 535
1 | 0 | 0 | 0 | 582, 536
1 | 0 | 0 | 0 | 713, 744
1 | 0 | 0 | 0 | 541, 583
1 | 0 | 0 | 0 | 670, 667
1 | 0 | 0 | 0 | 494, 532
1 | 0 | 0 | 0 | 613, 586
1 | 0 | 0 | 0 | 713, 760
1 | 0 | 0 | 0 | 523, 439
1 | 0 | 0 | 0 | 804, 834
1 | 0 | 0 | 0 | 590, 603
1 | 0 | 0 | 0 | 760, 705
1 | 0 | 0 | 0 | 466, 505
1 | 0 | 0 | 0 | 540, 569
1 | 0 | 0 | 0 | 424, 369
1 | 0 | 0 | 0 | 575, 523
1 | 0 | 0 | 0 | 452, 491
1 | 0 | 0 | 0 | 703, 666
1 | 0 | 0 | 0 | 432, 456
1 | 0 | 0 | 0 | 500, 458
1 | 0 | 0 | 0 | 604, 533
1 | 0 | 0 | 0 | 428, 388
1 | 0 | 0 | 0 | 400, 439
1 | 0 | 0 | 0 | 455, 439
1 | 0 | 0 | 0 | 434, 436
1 | 0 | 0 | 0 | 525, 480
1 | 0 | 0 | 0 | 544, 563
1 | 0 | 0 | 0 | 378, 431
1 | 0 | 0 | 0 | 214, 210
1 | 0 | 0 | 0 | 534, 554
1 | 0 | 0 | 0 | 789, 689
1 | 0 | 0 | 0 | 304, 323
1 | 0 | 0 | 0 | 460, 462
1 | 0 | 0 | 0 | 547, 559
1 | 0 | 0 | 0 | 422, 401
1 | 0 | 0 | 0 | 539, 574
1 | 0 | 0 | 0 | 618, 581
1 | 0 | 0 | 0 | 508, 516
1 | 0 | 0 | 0 | 384, 405
1 | 0 | 0 | 0 | 635, 609
1 | 0 | 0 | 0 | 486, 548
1 | 0 | 0 | 0 | 554, 524
1 | 0 | 0 | 0 | 322, 304
1 | 0 | 0 | 0 | 531, 606
1 | 0 | 0 | 0 | 541, 595
1 | 0 | 0 | 0 | 643, 579
1 | 0 | 0 | 0 | 593, 554
1 | 0 | 0 | 0 | 658, 634
1 | 0 | 0 | 0 | 713, 704
1 | 0 | 0 | 0 | 454, 486
1 | 0 | 0 | 0 | 392, 408
1 | 0 | 0 | 0 | 568, 544
1 | 0 | 0 | 0 | 794, 760
1 | 0 | 0 | 0 | 612, 623
1 | 0 | 0 | 0 | 414, 408
