Resultados com fitness sendo Valores
87 | 87 | 93 | 31 | 85, 100
92 | 92 | 95 | 26 | 92, 95
98 | 98 | 93 | 5 | 98, 93
105 | 105 | 96 | 54 | 91, 91
105 | 105 | 96 | 40 | 97, 95
98 | 98 | 93 | 98 | 98, 93
105 | 105 | 96 | 69 | 91, 91
105 | 105 | 96 | 80 | 91, 91
106 | 106 | 100 | 6 | 80, 91
91 | 91 | 91 | 55 | 91, 91
109 | 109 | 99 | 9 | 97, 95
97 | 97 | 95 | 19 | 97, 95
117 | 117 | 100 | 31 | 98, 93
91 | 91 | 91 | 26 | 89, 98
99 | 99 | 97 | 94 | 120, 136
97 | 97 | 95 | 7 | 83, 90
117 | 117 | 100 | 56 | 105, 96
98 | 98 | 93 | 5 | 98, 93
117 | 117 | 100 | 38 | 103, 95
98 | 98 | 93 | 49 | 90, 92
117 | 117 | 100 | 90 | 91, 91
106 | 106 | 100 | 51 | 99, 97
117 | 117 | 100 | 62 | 105, 96
117 | 117 | 100 | 97 | 105, 96
117 | 117 | 100 | 2 | 117, 100
91 | 91 | 91 | 74 | 91, 91
105 | 105 | 96 | 93 | 105, 96
109 | 109 | 99 | 25 | 90, 92
105 | 105 | 96 | 49 | 105, 96
106 | 106 | 100 | 27 | 106, 100
98 | 98 | 93 | 15 | 157, 145
117 | 117 | 100 | 17 | 76, 69
91 | 91 | 91 | 47 | 91, 91
117 | 117 | 100 | 15 | 109, 99
117 | 117 | 100 | 51 | 103, 95
117 | 117 | 100 | 11 | 91, 91
105 | 105 | 96 | 20 | 105, 96
109 | 109 | 99 | 64 | 97, 95
105 | 105 | 96 | 13 | 91, 91
105 | 105 | 96 | 23 | 105, 96
106 | 106 | 100 | 62 | 92, 95
109 | 109 | 99 | 25 | 109, 99
117 | 117 | 100 | 70 | 76, 69
103 | 103 | 95 | 81 | 89, 98
79 | 79 | 85 | 67 | 79, 85
105 | 105 | 96 | 75 | 97, 95
117 | 117 | 100 | 4 | 117, 100
99 | 99 | 97 | 25 | 73, 88
92 | 92 | 95 | 49 | 78, 98
117 | 117 | 100 | 96 | 98, 93
117 | 117 | 100 | 60 | 76, 69
117 | 117 | 100 | 31 | 98, 93
105 | 105 | 96 | 49 | 98, 93
79 | 79 | 85 | 55 | 79, 85
117 | 117 | 100 | 0 | 105, 96
91 | 91 | 91 | 76 | 91, 91
105 | 105 | 96 | 53 | 105, 96
117 | 117 | 100 | 55 | 91, 91
117 | 117 | 100 | 61 | 109, 99
103 | 103 | 95 | 24 | 89, 98
117 | 117 | 100 | 19 | 117, 100
89 | 89 | 98 | 77 | 71, 77
103 | 103 | 95 | 50 | 84, 88
117 | 117 | 100 | 58 | 91, 91
99 | 99 | 97 | 37 | 99, 97
105 | 105 | 96 | 36 | 105, 96
117 | 117 | 100 | 49 | 105, 96
117 | 117 | 100 | 73 | 117, 100
106 | 106 | 100 | 39 | 99, 97
117 | 117 | 100 | 56 | 103, 95
105 | 105 | 96 | 99 | 98, 93
117 | 117 | 100 | 86 | 103, 95
91 | 91 | 91 | 19 | 89, 98
89 | 89 | 98 | 83 | 89, 98
98 | 98 | 93 | 33 | 98, 93
117 | 117 | 100 | 46 | 103, 95
109 | 109 | 99 | 56 | 83, 90
105 | 105 | 96 | 39 | 105, 96
105 | 105 | 96 | 32 | 105, 96
85 | 85 | 95 | 99 | 85, 95
106 | 106 | 100 | 93 | 106, 100
103 | 103 | 95 | 8 | 84, 88
117 | 117 | 100 | 99 | 91, 91
109 | 109 | 99 | 18 | 76, 69
109 | 109 | 99 | 2 | 90, 92
90 | 90 | 92 | 22 | 83, 90
117 | 117 | 100 | 64 | 103, 95
117 | 117 | 100 | 11 | 117, 100
73 | 73 | 88 | 69 | 73, 88
105 | 105 | 96 | 83 | 105, 96
109 | 109 | 99 | 32 | 109, 99
109 | 109 | 99 | 11 | 97, 95
97 | 97 | 95 | 81 | 83, 90
117 | 117 | 100 | 2 | 109, 99
117 | 117 | 100 | 98 | 106, 100
117 | 117 | 100 | 2 | 103, 95
92 | 92 | 95 | 27 | 73, 88
105 | 105 | 96 | 58 | 105, 96
85 | 85 | 100 | 63 | 85, 100
91 | 91 | 91 | 66 | 91, 91
117 | 117 | 100 | 70 | 91, 91
109 | 109 | 99 | 65 | 90, 92
117 | 117 | 100 | 84 | 117, 100
105 | 105 | 96 | 47 | 98, 93
98 | 98 | 93 | 98 | 90, 92
79 | 79 | 85 | 73 | 79, 85
109 | 109 | 99 | 77 | 83, 90
117 | 117 | 100 | 2 | 85, 74
87 | 87 | 93 | 25 | 87, 93
117 | 117 | 100 | 18 | 76, 69
103 | 103 | 95 | 22 | 84, 88
98 | 98 | 93 | 62 | 90, 92
98 | 98 | 93 | 82 | 98, 93
98 | 98 | 93 | 71 | 90, 92
103 | 103 | 95 | 17 | 89, 98
99 | 99 | 97 | 22 | 99, 97
99 | 99 | 97 | 22 | 99, 97
98 | 98 | 93 | 20 | 84, 88
117 | 117 | 100 | 44 | 117, 100
109 | 109 | 99 | 97 | 90, 92
117 | 117 | 100 | 69 | 103, 95
98 | 98 | 93 | 54 | 90, 92
117 | 117 | 100 | 68 | 98, 93
99 | 99 | 97 | 34 | 73, 88
99 | 99 | 97 | 42 | 80, 91
97 | 97 | 95 | 58 | 90, 92
84 | 84 | 88 | 99 | 84, 88
97 | 97 | 95 | 66 | 83, 90
105 | 105 | 96 | 28 | 105, 96
97 | 97 | 95 | 46 | 83, 90
103 | 103 | 95 | 62 | 89, 98
97 | 97 | 95 | 19 | 90, 92
80 | 80 | 91 | 41 | 80, 91
98 | 98 | 93 | 71 | 98, 93
97 | 97 | 95 | 12 | 97, 95
105 | 105 | 96 | 82 | 105, 96
90 | 90 | 92 | 39 | 90, 92
99 | 99 | 97 | 41 | 92, 95
106 | 106 | 100 | 3 | 80, 91
98 | 98 | 93 | 88 | 98, 93
117 | 117 | 100 | 67 | 103, 95
91 | 91 | 91 | 68 | 77, 86
91 | 91 | 91 | 16 | 89, 98
89 | 89 | 98 | 53 | 89, 98
117 | 117 | 100 | 78 | 103, 95
105 | 105 | 96 | 5 | 91, 91
103 | 103 | 95 | 47 | 89, 98
117 | 117 | 100 | 54 | 103, 95
80 | 80 | 91 | 99 | 80, 91
99 | 99 | 97 | 50 | 92, 95
109 | 109 | 99 | 95 | 109, 99
103 | 103 | 95 | 34 | 77, 86
78 | 78 | 98 | 92 | 77, 81
105 | 105 | 96 | 74 | 105, 96
99 | 99 | 97 | 76 | 91, 109
105 | 105 | 96 | 98 | 91, 91
117 | 117 | 100 | 58 | 109, 99
92 | 92 | 95 | 6 | 92, 95
97 | 97 | 95 | 51 | 83, 90
98 | 98 | 93 | 33 | 176, 186
78 | 78 | 98 | 43 | 78, 98
117 | 117 | 100 | 84 | 91, 91
91 | 91 | 91 | 35 | 84, 88
117 | 117 | 100 | 13 | 117, 100
106 | 106 | 100 | 9 | 106, 100
91 | 91 | 91 | 97 | 89, 98
91 | 91 | 91 | 17 | 91, 91
105 | 105 | 96 | 68 | 91, 91
117 | 117 | 100 | 44 | 91, 91
117 | 117 | 100 | 75 | 103, 95
117 | 117 | 100 | 66 | 105, 96
117 | 117 | 100 | 36 | 103, 95
106 | 106 | 100 | 27 | 106, 100
117 | 117 | 100 | 11 | 98, 93
117 | 117 | 100 | 73 | 109, 99
106 | 106 | 100 | 26 | 106, 100
91 | 91 | 91 | 4 | 91, 91
105 | 105 | 96 | 90 | 105, 96
117 | 117 | 100 | 20 | 117, 100
117 | 117 | 100 | 14 | 117, 100
117 | 117 | 100 | 89 | 117, 100
117 | 117 | 100 | 27 | 103, 95
103 | 103 | 95 | 36 | 89, 98
117 | 117 | 100 | 64 | 91, 91
117 | 117 | 100 | 2 | 117, 100
106 | 106 | 100 | 98 | 92, 95
109 | 109 | 99 | 98 | 103, 95
98 | 98 | 93 | 32 | 90, 92
105 | 105 | 96 | 99 | 97, 95
117 | 117 | 100 | 8 | 109, 99
91 | 91 | 91 | 10 | 91, 91
103 | 103 | 95 | 40 | 89, 98
106 | 106 | 100 | 68 | 99, 97
117 | 117 | 100 | 19 | 109, 99
117 | 117 | 100 | 20 | 117, 100
99 | 99 | 97 | 14 | 85, 100
83 | 83 | 90 | 1 | 83, 90
117 | 117 | 100 | 19 | 117, 100
98 | 98 | 93 | 42 | 84, 88
117 | 117 | 100 | 12 | 117, 100
98 | 98 | 93 | 1 | 90, 92
117 | 117 | 100 | 37 | 117, 100
103 | 103 | 95 | 41 | 91, 91
106 | 106 | 100 | 71 | 99, 97
117 | 117 | 100 | 85 | 91, 91
117 | 117 | 100 | 88 | 109, 99
117 | 117 | 100 | 70 | 117, 100
117 | 117 | 100 | 22 | 103, 95
106 | 106 | 100 | 65 | 106, 100
98 | 98 | 93 | 78 | 98, 93
91 | 91 | 91 | 62 | 83, 90
89 | 89 | 98 | 30 | 89, 98
117 | 117 | 100 | 85 | 117, 100
109 | 109 | 99 | 29 | 109, 99
103 | 103 | 95 | 0 | 89, 98
89 | 89 | 98 | 29 | 89, 98
91 | 91 | 91 | 98 | 89, 98
85 | 85 | 95 | 30 | 85, 95
79 | 79 | 85 | 59 | 79, 85
99 | 99 | 97 | 66 | 85, 100
109 | 109 | 99 | 39 | 83, 90
85 | 85 | 100 | 73 | 78, 98
98 | 98 | 93 | 11 | 84, 88
99 | 99 | 97 | 60 | 92, 95
117 | 117 | 100 | 99 | 117, 100
85 | 85 | 100 | 54 | 85, 100
105 | 105 | 96 | 44 | 91, 91
92 | 92 | 95 | 11 | 73, 88
98 | 98 | 93 | 61 | 90, 92
92 | 92 | 95 | 83 | 80, 91
105 | 105 | 96 | 72 | 105, 96
117 | 117 | 100 | 70 | 103, 95
109 | 109 | 99 | 68 | 97, 95
117 | 117 | 100 | 66 | 98, 93
99 | 99 | 97 | 46 | 99, 97
78 | 78 | 98 | 62 | 104, 120
105 | 105 | 96 | 32 | 105, 96
106 | 106 | 100 | 40 | 106, 100
117 | 117 | 100 | 94 | 117, 100
117 | 117 | 100 | 87 | 98, 93
105 | 105 | 96 | 68 | 105, 96
98 | 98 | 93 | 38 | 84, 88
98 | 98 | 93 | 11 | 91, 91
117 | 117 | 100 | 83 | 98, 93
91 | 91 | 91 | 68 | 77, 86
87 | 87 | 93 | 18 | 80, 91
109 | 109 | 99 | 78 | 137, 140
117 | 117 | 100 | 32 | 103, 95
103 | 103 | 95 | 37 | 89, 98
109 | 109 | 99 | 71 | 109, 99
117 | 117 | 100 | 80 | 105, 96
117 | 117 | 100 | 42 | 98, 93
109 | 109 | 99 | 78 | 90, 92
117 | 117 | 100 | 25 | 117, 100
91 | 91 | 91 | 97 | 89, 98
117 | 117 | 100 | 46 | 105, 96
90 | 90 | 92 | 0 | 90, 92
106 | 106 | 100 | 95 | 106, 100
79 | 79 | 85 | 92 | 79, 85
106 | 106 | 100 | 88 | 106, 100
98 | 98 | 93 | 70 | 84, 88
89 | 89 | 98 | 67 | 89, 98
109 | 109 | 99 | 73 | 97, 95
105 | 105 | 96 | 37 | 91, 91
78 | 78 | 98 | 73 | 78, 98
105 | 105 | 96 | 68 | 105, 96
103 | 103 | 95 | 60 | 77, 86
87 | 87 | 93 | 33 | 80, 91
117 | 117 | 100 | 62 | 58, 48
87 | 87 | 93 | 27 | 85, 100
105 | 105 | 96 | 7 | 91, 91
117 | 117 | 100 | 83 | 98, 93
99 | 99 | 97 | 35 | 92, 95
106 | 106 | 100 | 20 | 87, 93
99 | 99 | 97 | 49 | 85, 100
117 | 117 | 100 | 84 | 117, 100
117 | 117 | 100 | 64 | 98, 93
117 | 117 | 100 | 20 | 196, 185
87 | 87 | 93 | 34 | 87, 93
98 | 98 | 93 | 62 | 90, 92
103 | 103 | 95 | 91 | 84, 88
117 | 117 | 100 | 12 | 117, 100
109 | 109 | 99 | 12 | 83, 90
98 | 98 | 93 | 67 | 65, 69
117 | 117 | 100 | 3 | 103, 95
117 | 117 | 100 | 39 | 117, 100
105 | 105 | 96 | 67 | 91, 91
117 | 117 | 100 | 77 | 109, 99
105 | 105 | 96 | 67 | 105, 96
99 | 99 | 97 | 85 | 99, 97
105 | 105 | 96 | 77 | 91, 91
103 | 103 | 95 | 92 | 84, 88
117 | 117 | 100 | 69 | 103, 95
98 | 98 | 93 | 40 | 98, 93
97 | 97 | 95 | 33 | 83, 90
117 | 117 | 100 | 28 | 91, 91
98 | 98 | 93 | 75 | 84, 88
91 | 91 | 91 | 56 | 77, 86
98 | 98 | 93 | 31 | 90, 92
105 | 105 | 96 | 92 | 105, 96
117 | 117 | 100 | 1 | 85, 74
106 | 106 | 100 | 17 | 79, 74
117 | 117 | 100 | 13 | 117, 100
117 | 117 | 100 | 66 | 109, 99
98 | 98 | 93 | 7 | 84, 88
98 | 98 | 93 | 10 | 91, 91
117 | 117 | 100 | 45 | 117, 100
97 | 97 | 95 | 96 | 83, 90
109 | 109 | 99 | 8 | 90, 92
105 | 105 | 96 | 20 | 98, 93
117 | 117 | 100 | 76 | 76, 69
105 | 105 | 96 | 8 | 91, 91
78 | 78 | 98 | 94 | 78, 98
117 | 117 | 100 | 55 | 91, 91
80 | 80 | 91 | 95 | 80, 91
105 | 105 | 96 | 39 | 98, 93
103 | 103 | 95 | 86 | 89, 98
98 | 98 | 93 | 7 | 135, 147
91 | 91 | 91 | 51 | 83, 90
117 | 117 | 100 | 86 | 117, 100
98 | 98 | 93 | 17 | 98, 93
117 | 117 | 100 | 25 | 109, 99
109 | 109 | 99 | 49 | 83, 90
117 | 117 | 100 | 85 | 103, 95
105 | 105 | 96 | 51 | 91, 91
89 | 89 | 98 | 54 | 85, 100
85 | 85 | 100 | 60 | 78, 98
98 | 98 | 93 | 21 | 98, 93
117 | 117 | 100 | 56 | 91, 91
117 | 117 | 100 | 9 | 98, 93
91 | 91 | 91 | 27 | 77, 86
106 | 106 | 100 | 42 | 92, 95
103 | 103 | 95 | 74 | 89, 98
89 | 89 | 98 | 88 | 89, 98
99 | 99 | 97 | 17 | 73, 88
98 | 98 | 93 | 91 | 84, 88
106 | 106 | 100 | 17 | 97, 95
99 | 99 | 97 | 36 | 92, 95
106 | 106 | 100 | 0 | 87, 93
99 | 99 | 97 | 23 | 79, 85
117 | 117 | 100 | 70 | 76, 69
105 | 105 | 96 | 16 | 79, 74
103 | 103 | 95 | 24 | 89, 98
106 | 106 | 100 | 22 | 80, 91
98 | 98 | 93 | 55 | 84, 88
106 | 106 | 100 | 11 | 92, 95
117 | 117 | 100 | 68 | 91, 91
109 | 109 | 99 | 48 | 76, 69
103 | 103 | 95 | 31 | 89, 98
97 | 97 | 95 | 14 | 97, 95
85 | 85 | 95 | 67 | 85, 95
105 | 105 | 96 | 89 | 76, 69
85 | 85 | 100 | 51 | 85, 100
105 | 105 | 96 | 90 | 105, 96
105 | 105 | 96 | 50 | 105, 96
91 | 91 | 91 | 85 | 83, 90
90 | 90 | 92 | 1 | 84, 88
117 | 117 | 100 | 0 | 117, 100
109 | 109 | 99 | 69 | 51, 64
106 | 106 | 100 | 5 | 105, 96
99 | 99 | 97 | 49 | 87, 93
106 | 106 | 100 | 24 | 97, 95
117 | 117 | 100 | 49 | 117, 100
109 | 109 | 99 | 22 | 103, 95
89 | 89 | 98 | 67 | 89, 98
117 | 117 | 100 | 8 | 117, 100
117 | 117 | 100 | 27 | 103, 95
91 | 91 | 91 | 86 | 83, 90
97 | 97 | 95 | 23 | 91, 91
98 | 98 | 93 | 40 | 58, 66
105 | 105 | 96 | 5 | 105, 96
117 | 117 | 100 | 29 | 117, 100
109 | 109 | 99 | 5 | 97, 95
105 | 105 | 96 | 58 | 97, 95
109 | 109 | 99 | 51 | 109, 99
117 | 117 | 100 | 92 | 117, 100
91 | 91 | 91 | 75 | 77, 86
105 | 105 | 96 | 26 | 105, 96
97 | 97 | 95 | 56 | 97, 95
106 | 106 | 100 | 35 | 87, 93
105 | 105 | 96 | 85 | 105, 96
98 | 98 | 93 | 33 | 91, 91
109 | 109 | 99 | 28 | 97, 95
103 | 103 | 95 | 11 | 89, 98
78 | 78 | 98 | 51 | 78, 98
117 | 117 | 100 | 48 | 117, 100
117 | 117 | 100 | 70 | 91, 91
117 | 117 | 100 | 15 | 117, 100
109 | 109 | 99 | 17 | 97, 95
117 | 117 | 100 | 11 | 117, 100
106 | 106 | 100 | 23 | 106, 100
79 | 79 | 74 | 23 | 77, 81
117 | 117 | 100 | 87 | 105, 96
105 | 105 | 96 | 65 | 91, 91
117 | 117 | 100 | 20 | 103, 95
99 | 99 | 97 | 66 | 87, 93
92 | 92 | 95 | 63 | 92, 95
117 | 117 | 100 | 94 | 117, 100
117 | 117 | 100 | 88 | 117, 100
105 | 105 | 96 | 87 | 91, 91
89 | 89 | 98 | 0 | 89, 98
103 | 103 | 95 | 49 | 89, 98
117 | 117 | 100 | 54 | 103, 95
91 | 91 | 91 | 69 | 77, 86
117 | 117 | 100 | 68 | 105, 96
117 | 117 | 100 | 58 | 109, 99
103 | 103 | 95 | 42 | 89, 98
89 | 89 | 98 | 65 | 89, 98
89 | 89 | 98 | 81 | 71, 77
106 | 106 | 100 | 49 | 99, 97
117 | 117 | 100 | 57 | 105, 96
91 | 91 | 91 | 11 | 84, 88
89 | 89 | 98 | 7 | 89, 98
103 | 103 | 95 | 72 | 89, 98
89 | 89 | 98 | 8 | 89, 98
106 | 106 | 100 | 46 | 106, 100
98 | 98 | 93 | 25 | 90, 92
105 | 105 | 96 | 59 | 79, 74
117 | 117 | 100 | 55 | 109, 99
91 | 91 | 91 | 1 | 77, 86
105 | 105 | 96 | 80 | 91, 91
105 | 105 | 96 | 58 | 138, 139
85 | 85 | 100 | 87 | 77, 81
117 | 117 | 100 | 68 | 109, 99
117 | 117 | 100 | 36 | 109, 99
77 | 77 | 81 | 43 | 77, 81
117 | 117 | 100 | 33 | 103, 95
117 | 117 | 100 | 65 | 91, 91
109 | 109 | 99 | 33 | 83, 90
117 | 117 | 100 | 44 | 103, 95
98 | 98 | 93 | 61 | 98, 93
97 | 97 | 95 | 39 | 97, 95
117 | 117 | 100 | 32 | 109, 99
109 | 109 | 99 | 5 | 97, 95
117 | 117 | 100 | 76 | 105, 96
117 | 117 | 100 | 10 | 105, 96
117 | 117 | 100 | 37 | 98, 93
117 | 117 | 100 | 58 | 164, 148
105 | 105 | 96 | 31 | 97, 95
109 | 109 | 99 | 27 | 90, 92
99 | 99 | 97 | 97 | 99, 97
105 | 105 | 96 | 96 | 105, 96
98 | 98 | 93 | 93 | 90, 92
99 | 99 | 97 | 88 | 99, 97
106 | 106 | 100 | 80 | 106, 100
117 | 117 | 100 | 91 | 105, 96
97 | 97 | 95 | 74 | 91, 91
109 | 109 | 99 | 35 | 76, 69
105 | 105 | 96 | 43 | 105, 96
106 | 106 | 100 | 18 | 106, 100
117 | 117 | 100 | 43 | 109, 99
103 | 103 | 95 | 1 | 103, 95
98 | 98 | 93 | 49 | 84, 88
99 | 99 | 97 | 60 | 99, 97
105 | 105 | 96 | 14 | 97, 95
78 | 78 | 98 | 54 | 78, 98
106 | 106 | 100 | 63 | 106, 100
79 | 79 | 74 | 57 | 77, 81
103 | 103 | 95 | 54 | 89, 98
85 | 85 | 100 | 52 | 85, 100
99 | 99 | 97 | 10 | 99, 97
117 | 117 | 100 | 4 | 117, 100
106 | 106 | 100 | 51 | 106, 100
89 | 89 | 98 | 0 | 89, 98
105 | 105 | 96 | 21 | 98, 93
117 | 117 | 100 | 47 | 103, 95
89 | 89 | 98 | 43 | 89, 98
117 | 117 | 100 | 63 | 98, 93
98 | 98 | 93 | 29 | 84, 88
117 | 117 | 100 | 39 | 91, 91
105 | 105 | 96 | 96 | 91, 91
105 | 105 | 96 | 69 | 105, 96
99 | 99 | 97 | 86 | 99, 97
106 | 106 | 100 | 79 | 87, 93
105 | 105 | 96 | 98 | 105, 96
98 | 98 | 93 | 53 | 84, 88
109 | 109 | 99 | 57 | 90, 92
105 | 105 | 96 | 92 | 91, 91
78 | 78 | 98 | 29 | 78, 98
85 | 85 | 100 | 30 | 77, 81
106 | 106 | 100 | 51 | 99, 97
117 | 117 | 100 | 65 | 109, 99
87 | 87 | 93 | 82 | 80, 91
117 | 117 | 100 | 25 | 109, 99
77 | 77 | 81 | 86 | 77, 81
106 | 106 | 100 | 48 | 99, 97
98 | 98 | 93 | 52 | 91, 91
117 | 117 | 100 | 33 | 91, 78
99 | 99 | 97 | 59 | 73, 88
117 | 117 | 100 | 88 | 109, 99
98 | 98 | 93 | 29 | 84, 88
103 | 103 | 95 | 30 | 89, 98
117 | 117 | 100 | 5 | 103, 95
89 | 89 | 98 | 31 | 89, 98
91 | 91 | 91 | 59 | 83, 90
109 | 109 | 99 | 29 | 83, 90
117 | 117 | 100 | 90 | 103, 95
89 | 89 | 98 | 63 | 89, 98
90 | 90 | 92 | 35 | 89, 98
79 | 79 | 85 | 50 | 79, 85
117 | 117 | 100 | 48 | 98, 93
80 | 80 | 91 | 57 | 80, 91
109 | 109 | 99 | 83 | 109, 99
97 | 97 | 95 | 73 | 97, 95
117 | 117 | 100 | 50 | 117, 100
98 | 98 | 93 | 34 | 90, 92
106 | 106 | 100 | 62 | 80, 91
117 | 117 | 100 | 57 | 109, 99
98 | 98 | 93 | 35 | 98, 93
105 | 105 | 96 | 23 | 97, 95
117 | 117 | 100 | 13 | 117, 100
105 | 105 | 96 | 47 | 91, 91
109 | 109 | 99 | 91 | 103, 95
109 | 109 | 99 | 17 | 90, 92
117 | 117 | 100 | 94 | 99, 97
117 | 117 | 100 | 96 | 76, 69
109 | 109 | 99 | 25 | 97, 95
99 | 99 | 97 | 68 | 92, 95
91 | 91 | 91 | 88 | 77, 86
117 | 117 | 100 | 95 | 117, 100
117 | 117 | 100 | 4 | 117, 100
106 | 106 | 100 | 22 | 92, 95
109 | 109 | 99 | 87 | 103, 95
117 | 117 | 100 | 23 | 117, 100
117 | 117 | 100 | 23 | 109, 99
87 | 87 | 93 | 3 | 73, 88
117 | 117 | 100 | 55 | 103, 95
117 | 117 | 100 | 68 | 117, 100
85 | 85 | 100 | 79 | 78, 98
99 | 99 | 97 | 77 | 99, 97
117 | 117 | 100 | 95 | 117, 100
117 | 117 | 100 | 17 | 103, 95
90 | 90 | 92 | 39 | 90, 92
109 | 109 | 99 | 59 | 65, 69
98 | 98 | 93 | 14 | 84, 88
103 | 103 | 95 | 41 | 77, 86
117 | 117 | 100 | 45 | 117, 100
106 | 106 | 100 | 27 | 80, 91
117 | 117 | 100 | 32 | 117, 100
117 | 117 | 100 | 9 | 98, 93
103 | 103 | 95 | 7 | 99, 97
105 | 105 | 96 | 85 | 105, 96
91 | 91 | 91 | 93 | 91, 91
97 | 97 | 95 | 70 | 91, 91
91 | 91 | 91 | 19 | 91, 91
117 | 117 | 100 | 0 | 103, 95
103 | 103 | 95 | 59 | 89, 98
83 | 83 | 90 | 7 | 77, 86
98 | 98 | 93 | 66 | 98, 93
105 | 105 | 96 | 11 | 76, 69
117 | 117 | 100 | 28 | 105, 96
106 | 106 | 100 | 78 | 92, 95
109 | 109 | 99 | 41 | 109, 99
117 | 117 | 100 | 76 | 91, 91
117 | 117 | 100 | 25 | 105, 96
89 | 89 | 98 | 0 | 89, 98
117 | 117 | 100 | 54 | 98, 93
98 | 98 | 93 | 59 | 98, 93
89 | 89 | 98 | 37 | 84, 88
105 | 105 | 96 | 75 | 105, 96
92 | 92 | 95 | 32 | 92, 95
117 | 117 | 100 | 84 | 91, 91
97 | 97 | 95 | 47 | 83, 90
99 | 99 | 97 | 41 | 92, 95
103 | 103 | 95 | 23 | 77, 86
91 | 91 | 91 | 71 | 91, 91
99 | 99 | 97 | 61 | 92, 95
106 | 106 | 100 | 2 | 87, 93
98 | 98 | 93 | 17 | 84, 88
87 | 87 | 93 | 30 | 80, 91
117 | 117 | 100 | 17 | 98, 93
117 | 117 | 100 | 8 | 109, 99
117 | 117 | 100 | 61 | 194, 194
109 | 109 | 99 | 16 | 76, 69
117 | 117 | 100 | 31 | 103, 95
83 | 83 | 90 | 68 | 83, 90
98 | 98 | 93 | 69 | 98, 93
98 | 98 | 93 | 58 | 98, 93
109 | 109 | 99 | 77 | 83, 90
92 | 92 | 95 | 57 | 80, 91
103 | 103 | 95 | 54 | 77, 86
105 | 105 | 96 | 63 | 97, 95
91 | 91 | 91 | 27 | 77, 86
105 | 105 | 96 | 33 | 91, 91
117 | 117 | 100 | 14 | 91, 91
117 | 117 | 100 | 91 | 109, 99
117 | 117 | 100 | 36 | 109, 99
85 | 85 | 95 | 2 | 85, 95
85 | 85 | 100 | 64 | 78, 98
98 | 98 | 93 | 81 | 84, 88
105 | 105 | 96 | 20 | 97, 95
117 | 117 | 100 | 41 | 98, 93
77 | 77 | 86 | 11 | 77, 86
91 | 91 | 91 | 98 | 77, 86
99 | 99 | 97 | 56 | 87, 93
105 | 105 | 96 | 3 | 97, 95
105 | 105 | 96 | 69 | 97, 95
105 | 105 | 96 | 97 | 97, 95
99 | 99 | 97 | 60 | 85, 100
106 | 106 | 100 | 5 | 106, 100
98 | 98 | 93 | 80 | 90, 92
98 | 98 | 93 | 63 | 84, 88
105 | 105 | 96 | 31 | 97, 95
91 | 91 | 91 | 58 | 89, 98
105 | 105 | 96 | 52 | 91, 91
117 | 117 | 100 | 30 | 103, 95
105 | 105 | 96 | 39 | 91, 91
85 | 85 | 100 | 27 | 77, 81
91 | 91 | 91 | 75 | 89, 98
117 | 117 | 100 | 52 | 117, 100
117 | 117 | 100 | 48 | 117, 100
117 | 117 | 100 | 28 | 117, 100
109 | 109 | 99 | 21 | 83, 90
97 | 97 | 95 | 36 | 150, 143
117 | 117 | 100 | 78 | 105, 96
117 | 117 | 100 | 30 | 135, 121
105 | 105 | 96 | 68 | 91, 91
79 | 79 | 74 | 34 | 77, 81
117 | 117 | 100 | 44 | 105, 96
117 | 117 | 100 | 17 | 105, 96
103 | 103 | 95 | 16 | 89, 98
109 | 109 | 99 | 47 | 90, 92
89 | 89 | 98 | 79 | 89, 98
117 | 117 | 100 | 55 | 117, 100
99 | 99 | 97 | 44 | 99, 97
99 | 99 | 97 | 40 | 99, 97
98 | 98 | 93 | 47 | 91, 91
109 | 109 | 99 | 59 | 90, 92
91 | 91 | 78 | 94 | 77, 81
98 | 98 | 93 | 9 | 84, 88
91 | 91 | 78 | 87 | 77, 81
105 | 105 | 96 | 95 | 97, 95
103 | 103 | 95 | 79 | 103, 95
117 | 117 | 100 | 8 | 103, 95
91 | 91 | 91 | 36 | 83, 90
99 | 99 | 97 | 67 | 85, 100
80 | 80 | 91 | 5 | 80, 91
89 | 89 | 98 | 87 | 89, 98
117 | 117 | 100 | 92 | 117, 100
117 | 117 | 100 | 26 | 103, 95
103 | 103 | 95 | 71 | 71, 77
89 | 89 | 98 | 68 | 89, 98
117 | 117 | 100 | 91 | 109, 99
78 | 78 | 98 | 31 | 78, 98
80 | 80 | 91 | 87 | 80, 91
117 | 117 | 100 | 82 | 91, 91
105 | 105 | 96 | 87 | 91, 91
103 | 103 | 95 | 50 | 44, 43
99 | 99 | 97 | 55 | 92, 95
105 | 105 | 96 | 46 | 91, 91
117 | 117 | 100 | 68 | 103, 95
97 | 97 | 95 | 43 | 91, 91
98 | 98 | 93 | 85 | 91, 91
109 | 109 | 99 | 63 | 109, 99
98 | 98 | 93 | 62 | 98, 93
117 | 117 | 100 | 42 | 76, 69
106 | 106 | 100 | 71 | 99, 97
90 | 90 | 92 | 98 | 83, 90
109 | 109 | 99 | 59 | 103, 95
109 | 109 | 99 | 33 | 83, 90
99 | 99 | 97 | 65 | 85, 100
83 | 83 | 90 | 41 | 77, 86
117 | 117 | 100 | 67 | 98, 93
103 | 103 | 95 | 94 | 77, 86
106 | 106 | 100 | 86 | 106, 100
117 | 117 | 100 | 19 | 103, 95
105 | 105 | 96 | 97 | 91, 91
105 | 105 | 96 | 11 | 98, 93
92 | 92 | 95 | 59 | 92, 95
98 | 98 | 93 | 26 | 90, 92
109 | 109 | 99 | 86 | 97, 95
105 | 105 | 96 | 61 | 97, 95
117 | 117 | 100 | 46 | 109, 99
78 | 78 | 98 | 7 | 73, 88
117 | 117 | 100 | 33 | 103, 95
117 | 117 | 100 | 58 | 91, 91
105 | 105 | 96 | 68 | 91, 91
117 | 117 | 100 | 32 | 117, 100
117 | 117 | 100 | 49 | 109, 99
98 | 98 | 93 | 15 | 84, 88
109 | 109 | 99 | 10 | 90, 92
98 | 98 | 93 | 90 | 98, 93
117 | 117 | 100 | 12 | 117, 100
98 | 98 | 93 | 51 | 98, 93
117 | 117 | 100 | 97 | 85, 74
87 | 87 | 93 | 88 | 85, 100
99 | 99 | 97 | 2 | 99, 97
105 | 105 | 96 | 29 | 105, 96
117 | 117 | 100 | 98 | 117, 100
117 | 117 | 100 | 73 | 91, 91
89 | 89 | 98 | 42 | 89, 98
109 | 109 | 99 | 75 | 109, 99
117 | 117 | 100 | 59 | 117, 100
106 | 106 | 100 | 4 | 87, 93
117 | 117 | 100 | 34 | 109, 99
89 | 89 | 98 | 11 | 89, 98
78 | 78 | 98 | 8 | 77, 81
98 | 98 | 93 | 27 | 98, 93
103 | 103 | 95 | 55 | 77, 86
117 | 117 | 100 | 91 | 117, 100
106 | 106 | 100 | 98 | 99, 97
105 | 105 | 96 | 34 | 109, 112
92 | 92 | 95 | 22 | 78, 98
105 | 105 | 96 | 68 | 91, 91
117 | 117 | 100 | 36 | 105, 96
103 | 103 | 95 | 31 | 89, 98
90 | 90 | 92 | 19 | 90, 92
92 | 92 | 95 | 64 | 78, 98
87 | 87 | 93 | 79 | 85, 100
106 | 106 | 100 | 0 | 92, 95
85 | 85 | 95 | 21 | 85, 95
106 | 106 | 100 | 83 | 87, 93
117 | 117 | 100 | 96 | 91, 91
103 | 103 | 95 | 93 | 77, 86
117 | 117 | 100 | 49 | 103, 95
103 | 103 | 95 | 74 | 84, 88
117 | 117 | 100 | 62 | 103, 95
109 | 109 | 99 | 42 | 109, 99
117 | 117 | 100 | 30 | 109, 99
117 | 117 | 100 | 54 | 91, 91
99 | 99 | 97 | 69 | 99, 97
117 | 117 | 100 | 27 | 117, 100
105 | 105 | 96 | 72 | 97, 95
97 | 97 | 95 | 98 | 83, 90
109 | 109 | 99 | 91 | 97, 95
89 | 89 | 98 | 3 | 89, 98
105 | 105 | 96 | 80 | 97, 95
99 | 99 | 97 | 22 | 73, 88
109 | 109 | 99 | 86 | 90, 92
105 | 105 | 96 | 43 | 97, 95
89 | 89 | 98 | 42 | 89, 98
117 | 117 | 100 | 83 | 109, 99
106 | 106 | 100 | 74 | 106, 100
89 | 89 | 98 | 15 | 89, 98
80 | 80 | 91 | 6 | 80, 91
91 | 91 | 91 | 57 | 77, 86
117 | 117 | 100 | 80 | 98, 93
84 | 84 | 88 | 62 | 77, 86
89 | 89 | 98 | 5 | 89, 98
105 | 105 | 96 | 47 | 97, 95
106 | 106 | 100 | 87 | 99, 97
117 | 117 | 100 | 68 | 91, 91
89 | 89 | 98 | 56 | 89, 98
117 | 117 | 100 | 76 | 117, 100
117 | 117 | 100 | 50 | 109, 99
80 | 80 | 91 | 90 | 73, 88
92 | 92 | 95 | 97 | 80, 91
109 | 109 | 99 | 76 | 83, 90
89 | 89 | 98 | 93 | 89, 98
109 | 109 | 99 | 0 | 109, 99
109 | 109 | 99 | 89 | 97, 95
109 | 109 | 99 | 85 | 103, 95
103 | 103 | 95 | 13 | 103, 95
109 | 109 | 99 | 52 | 109, 99
117 | 117 | 100 | 33 | 103, 95
109 | 109 | 99 | 18 | 90, 92
109 | 109 | 99 | 24 | 109, 99
106 | 106 | 100 | 93 | 106, 100
105 | 105 | 96 | 29 | 105, 96
77 | 77 | 81 | 98 | 77, 81
98 | 98 | 93 | 90 | 90, 92
109 | 109 | 99 | 72 | 103, 95
91 | 91 | 91 | 68 | 77, 86
117 | 117 | 100 | 35 | 103, 95
103 | 103 | 95 | 82 | 77, 86
91 | 91 | 91 | 32 | 83, 90
106 | 106 | 100 | 9 | 106, 100
109 | 109 | 99 | 97 | 103, 95
106 | 106 | 100 | 98 | 99, 97
98 | 98 | 93 | 1 | 98, 93
106 | 106 | 100 | 46 | 106, 100
97 | 97 | 95 | 99 | 97, 95
97 | 97 | 95 | 63 | 91, 91
91 | 91 | 91 | 74 | 91, 91
117 | 117 | 100 | 98 | 117, 100
89 | 89 | 98 | 3 | 89, 98
97 | 97 | 95 | 16 | 90, 92
105 | 105 | 96 | 28 | 98, 93
91 | 91 | 91 | 31 | 77, 86
99 | 99 | 97 | 61 | 99, 97
98 | 98 | 93 | 49 | 98, 93
109 | 109 | 99 | 32 | 103, 95
117 | 117 | 100 | 47 | 91, 91
105 | 105 | 96 | 49 | 91, 91
105 | 105 | 96 | 69 | 97, 95
117 | 117 | 100 | 39 | 117, 100
117 | 117 | 100 | 55 | 98, 93
85 | 85 | 95 | 29 | 85, 95
91 | 91 | 91 | 30 | 91, 91
109 | 109 | 99 | 85 | 142, 150
105 | 105 | 96 | 56 | 97, 95
109 | 109 | 99 | 3 | 109, 99
105 | 105 | 96 | 14 | 105, 96
105 | 105 | 96 | 4 | 91, 91
117 | 117 | 100 | 41 | 103, 95
117 | 117 | 100 | 28 | 117, 100
103 | 103 | 95 | 24 | 77, 86
109 | 109 | 99 | 84 | 83, 90
109 | 109 | 99 | 46 | 83, 90
117 | 117 | 100 | 37 | 79, 74
103 | 103 | 95 | 14 | 77, 86
85 | 85 | 95 | 90 | 85, 95
117 | 117 | 100 | 75 | 109, 99
97 | 97 | 95 | 45 | 90, 92
117 | 117 | 100 | 11 | 117, 100
105 | 105 | 96 | 56 | 91, 91
117 | 117 | 100 | 32 | 103, 95
103 | 103 | 95 | 66 | 77, 86
117 | 117 | 100 | 76 | 109, 99
105 | 105 | 96 | 38 | 97, 95
105 | 105 | 96 | 72 | 105, 96
98 | 98 | 93 | 4 | 76, 69
117 | 117 | 100 | 27 | 91, 91
109 | 109 | 99 | 15 | 97, 95
105 | 105 | 96 | 22 | 98, 93
117 | 117 | 100 | 4 | 91, 91
105 | 105 | 96 | 8 | 91, 91
99 | 99 | 97 | 44 | 99, 97
117 | 117 | 100 | 72 | 103, 95
117 | 117 | 100 | 70 | 98, 93
89 | 89 | 98 | 74 | 89, 98
105 | 105 | 96 | 26 | 91, 91
109 | 109 | 99 | 38 | 83, 90
117 | 117 | 100 | 4 | 117, 100
109 | 109 | 99 | 0 | 109, 99
98 | 98 | 93 | 91 | 98, 93
89 | 89 | 98 | 61 | 89, 98
97 | 97 | 95 | 13 | 97, 95
117 | 117 | 100 | 45 | 117, 100
98 | 98 | 93 | 18 | 84, 88
106 | 106 | 100 | 14 | 87, 93
98 | 98 | 93 | 59 | 98, 93
105 | 105 | 96 | 27 | 105, 96
117 | 117 | 100 | 50 | 103, 95
106 | 106 | 100 | 62 | 106, 100
117 | 117 | 100 | 70 | 98, 93
85 | 85 | 95 | 88 | 79, 85
106 | 106 | 100 | 55 | 99, 97
117 | 117 | 100 | 80 | 109, 99
105 | 105 | 96 | 18 | 105, 96
85 | 85 | 100 | 75 | 78, 98
117 | 117 | 100 | 21 | 109, 99
117 | 117 | 100 | 58 | 105, 96
98 | 98 | 93 | 68 | 90, 92
89 | 89 | 98 | 72 | 89, 98
106 | 106 | 100 | 40 | 80, 91
117 | 117 | 100 | 91 | 58, 48
117 | 117 | 100 | 71 | 117, 100
98 | 98 | 93 | 90 | 84, 88
117 | 117 | 100 | 79 | 117, 100
117 | 117 | 100 | 64 | 76, 69
91 | 91 | 91 | 87 | 91, 91
117 | 117 | 100 | 1 | 117, 100
89 | 89 | 98 | 94 | 89, 98
98 | 98 | 93 | 94 | 84, 88
103 | 103 | 95 | 95 | 84, 88
117 | 117 | 100 | 99 | 98, 93
105 | 105 | 96 | 68 | 97, 95
99 | 99 | 97 | 0 | 99, 97
105 | 105 | 96 | 83 | 105, 96
117 | 117 | 100 | 64 | 98, 93
105 | 105 | 96 | 83 | 91, 91
109 | 109 | 99 | 63 | 90, 92
105 | 105 | 96 | 6 | 91, 91
117 | 117 | 100 | 25 | 105, 96
97 | 97 | 95 | 83 | 90, 92
103 | 103 | 95 | 42 | 84, 88
98 | 98 | 93 | 0 | 90, 92
106 | 106 | 100 | 27 | 106, 100
105 | 105 | 96 | 62 | 105, 96
99 | 99 | 97 | 94 | 92, 95
99 | 99 | 97 | 80 | 85, 100
89 | 89 | 98 | 55 | 89, 98
83 | 83 | 90 | 63 | 83, 90
90 | 90 | 92 | 5 | 116, 114
117 | 117 | 100 | 90 | 117, 100
103 | 103 | 95 | 88 | 91, 91
97 | 97 | 95 | 90 | 90, 92
92 | 92 | 95 | 62 | 92, 95
99 | 99 | 97 | 52 | 99, 97
98 | 98 | 93 | 29 | 84, 88
91 | 91 | 91 | 34 | 77, 86
98 | 98 | 93 | 22 | 90, 92
103 | 103 | 95 | 3 | 77, 86
105 | 105 | 96 | 52 | 65, 69
97 | 97 | 95 | 73 | 97, 95
117 | 117 | 100 | 37 | 117, 100
89 | 89 | 98 | 40 | 89, 98
117 | 117 | 100 | 71 | 117, 100
98 | 98 | 93 | 20 | 84, 88
78 | 78 | 98 | 12 | 77, 81
117 | 117 | 100 | 64 | 91, 91
117 | 117 | 100 | 56 | 117, 100
105 | 105 | 96 | 65 | 105, 96
109 | 109 | 99 | 80 | 109, 99
105 | 105 | 96 | 19 | 91, 91
85 | 85 | 100 | 66 | 77, 81
105 | 105 | 96 | 24 | 105, 96
87 | 87 | 93 | 23 | 73, 88
109 | 109 | 99 | 23 | 97, 95
117 | 117 | 100 | 33 | 98, 93
109 | 109 | 99 | 38 | 90, 92
106 | 106 | 100 | 73 | 87, 93
91 | 91 | 91 | 79 | 89, 98
99 | 99 | 97 | 48 | 73, 88
117 | 117 | 100 | 16 | 117, 100
109 | 109 | 99 | 90 | 97, 95
117 | 117 | 100 | 96 | 97, 95
106 | 106 | 100 | 58 | 87, 93
90 | 90 | 92 | 67 | 83, 90
117 | 117 | 100 | 51 | 117, 100
117 | 117 | 100 | 40 | 117, 100
117 | 117 | 100 | 21 | 117, 100
105 | 105 | 96 | 62 | 98, 93
117 | 117 | 100 | 29 | 135, 121
89 | 89 | 98 | 91 | 89, 98
91 | 91 | 91 | 55 | 84, 88
117 | 117 | 100 | 38 | 105, 96
117 | 117 | 100 | 66 | 117, 100
117 | 117 | 100 | 85 | 91, 91
106 | 106 | 100 | 72 | 92, 95
85 | 85 | 95 | 62 | 85, 95
98 | 98 | 93 | 35 | 84, 88
106 | 106 | 100 | 29 | 87, 93
105 | 105 | 96 | 31 | 91, 91
90 | 90 | 92 | 95 | 90, 92
117 | 117 | 100 | 42 | 117, 100
117 | 117 | 100 | 36 | 109, 99
103 | 103 | 95 | 37 | 103, 95
98 | 98 | 93 | 59 | 98, 93
89 | 89 | 98 | 72 | 89, 98
77 | 77 | 81 | 45 | 77, 81
117 | 117 | 100 | 9 | 117, 100
91 | 91 | 91 | 84 | 89, 98
103 | 103 | 95 | 50 | 76, 69
91 | 91 | 91 | 18 | 89, 98
105 | 105 | 96 | 41 | 105, 96
103 | 103 | 95 | 2 | 89, 98
91 | 91 | 91 | 57 | 77, 86
85 | 85 | 100 | 54 | 78, 98
117 | 117 | 100 | 29 | 105, 96
106 | 106 | 100 | 66 | 106, 100
91 | 91 | 91 | 52 | 77, 86
103 | 103 | 95 | 87 | 103, 95
106 | 106 | 100 | 76 | 92, 95
90 | 90 | 92 | 39 | 84, 88
105 | 105 | 96 | 35 | 105, 96
103 | 103 | 95 | 7 | 89, 98
109 | 109 | 99 | 68 | 97, 95
109 | 109 | 99 | 52 | 109, 99
80 | 80 | 91 | 55 | 80, 91
117 | 117 | 100 | 75 | 109, 99
109 | 109 | 99 | 87 | 83, 90
98 | 98 | 93 | 49 | 84, 88
106 | 106 | 100 | 3 | 99, 97
91 | 91 | 91 | 96 | 83, 90
117 | 117 | 100 | 85 | 105, 96
103 | 103 | 95 | 94 | 77, 86
109 | 109 | 99 | 95 | 90, 92
117 | 117 | 100 | 48 | 109, 99
90 | 90 | 92 | 6 | 90, 92
78 | 78 | 98 | 53 | 78, 98
105 | 105 | 96 | 14 | 105, 96
85 | 85 | 100 | 39 | 78, 98
109 | 109 | 99 | 38 | 109, 99
117 | 117 | 100 | 15 | 109, 99
117 | 117 | 100 | 77 | 117, 100
103 | 103 | 95 | 5 | 103, 95
117 | 117 | 100 | 28 | 105, 96
117 | 117 | 100 | 59 | 109, 99
117 | 117 | 100 | 97 | 58, 48
109 | 109 | 99 | 21 | 109, 99
89 | 89 | 98 | 24 | 89, 98
105 | 105 | 96 | 62 | 98, 93
117 | 117 | 100 | 86 | 117, 100
106 | 106 | 100 | 84 | 99, 97
117 | 117 | 100 | 96 | 117, 100
89 | 89 | 98 | 2 | 89, 98
117 | 117 | 100 | 11 | 105, 96
117 | 117 | 100 | 25 | 91, 91
98 | 98 | 93 | 31 | 90, 92
117 | 117 | 100 | 33 | 109, 99
117 | 117 | 100 | 16 | 117, 100
105 | 105 | 96 | 31 | 91, 91
109 | 109 | 99 | 58 | 103, 95
92 | 92 | 95 | 78 | 92, 95
105 | 105 | 96 | 21 | 105, 96
99 | 99 | 97 | 71 | 87, 93
106 | 106 | 100 | 69 | 99, 97
117 | 117 | 100 | 41 | 105, 96
117 | 117 | 100 | 74 | 117, 100
117 | 117 | 100 | 6 | 117, 100
105 | 105 | 96 | 6 | 91, 91
117 | 117 | 100 | 12 | 103, 95
117 | 117 | 100 | 74 | 117, 100
103 | 103 | 95 | 65 | 77, 86
117 | 117 | 100 | 13 | 117, 100
105 | 105 | 96 | 41 | 105, 96
117 | 117 | 100 | 21 | 91, 91
117 | 117 | 100 | 41 | 117, 100
